1 0.514844 0.45625 0.11875 0.121875 0.619629
0 0.514844 0.45625 0.11875 0.121875 0.522461
0 0.514063 0.459375 0.117188 0.121875 0.606934
1 0.511328 0.458594 0.121875 0.1125 0.559082
0 0.5125 0.458594 0.125 0.117188 0.546875
1 0.5125 0.458984 0.120313 0.1125 0.805176
0 0.514844 0.458594 0.125 0.115625 0.764648
1 0.514063 0.457031 0.128125 0.117188 0.67334
0 0.514063 0.457031 0.128125 0.117188 0.525391
1 0.513281 0.455859 0.120313 0.115625 0.521484
0 0.513281 0.45625 0.123437 0.117188 0.515625
0 0.5125 0.4375 0.125 0.0765625 0.552734
0 0.513281 0.460156 0.126563 0.121875 0.510742
0 0.528125 0.455469 0.154687 0.119531 0.537109
1 0.513672 0.45625 0.122656 0.123438 0.625977
1 0.523438 0.458594 0.132812 0.117188 0.53125
1 0.510156 0.459375 0.115625 0.120312 0.625977
1 0.514063 0.457422 0.123438 0.125781 0.506836
0 0.516406 0.430469 0.126563 0.0734375 0.532227
0 0.514063 0.432031 0.121875 0.0695312 0.697754
0 0.51875 0.430469 0.128906 0.0734375 0.683594
1 0.524609 0.460547 0.150781 0.124219 0.768555
1 0.51875 0.461719 0.13125 0.128125 0.78125
1 0.511719 0.459375 0.120313 0.121875 0.86084
1 0.516406 0.461719 0.126563 0.123437 0.791016
1 0.516406 0.459375 0.13125 0.121875 0.624512
1 0.516797 0.460547 0.129688 0.124219 0.679199
1 0.519141 0.442187 0.13125 0.0875 0.546875
1 0.514844 0.460938 0.125 0.120313 0.500977
1 0.5125 0.457812 0.123437 0.115625 0.819336
1 0.517969 0.457422 0.13125 0.119531 0.843262
1 0.6625 0.428125 0.0539063 0.053125 0.539062
1 0.515625 0.45625 0.120313 0.117188 0.76123
1 0.516406 0.456641 0.125 0.125 0.645996
0 0.516406 0.457031 0.129688 0.122656 0.574707
1 0.511328 0.458594 0.11875 0.117969 0.505859
1 0.5125 0.45625 0.126563 0.121875 0.779785
1 0.525 0.459375 0.146094 0.11875 0.840332
1 0.519922 0.458203 0.138281 0.117969 0.722656
1 0.519531 0.458594 0.128125 0.120313 0.821777
1 0.520312 0.458984 0.1375 0.122656 0.803711
1 0.526172 0.460938 0.144531 0.126562 0.733398
0 0.525391 0.459375 0.146094 0.126563 0.544922
1 0.528125 0.460547 0.151563 0.125 0.737305
1 0.525781 0.460156 0.15 0.123438 0.79834
1 0.519531 0.460938 0.134375 0.123437 0.782227
0 0.514844 0.444531 0.125 0.090625 0.656738
0 0.515625 0.434375 0.123437 0.071875 0.539062
1 0.511328 0.458594 0.119531 0.120313 0.75
1 0.519141 0.458594 0.125 0.114062 0.799316
0 0.517969 0.457031 0.128125 0.117969 0.649414
1 0.515625 0.455469 0.120313 0.114062 0.712891
1 0.518359 0.457031 0.117969 0.116406 0.783203
1 0.511328 0.455469 0.124219 0.11875 0.79248
1 0.657812 0.428906 0.04375 0.0515625 0.680176
1 0.516406 0.453125 0.126563 0.1125 0.616211
1 0.519531 0.457031 0.134375 0.121094 0.803223
1 0.657031 0.428125 0.0453125 0.0507812 0.572754
1 0.516406 0.456641 0.129688 0.119531 0.768555
1 0.517578 0.437109 0.129688 0.0757812 0.75293
1 0.520312 0.45625 0.132812 0.120312 0.779297
1 0.521875 0.457813 0.129687 0.120313 0.574707
1 0.514844 0.458984 0.123438 0.115625 0.563965
0 0.516016 0.457422 0.127344 0.11875 0.524414
1 0.517969 0.459375 0.120312 0.115625 0.672363
1 0.517969 0.457812 0.120312 0.117187 0.696777
1 0.515625 0.457031 0.117188 0.114063 0.740723
1 0.514063 0.45625 0.116406 0.115625 0.777344
0 0.516406 0.455469 0.125 0.119531 0.557129
1 0.515625 0.456641 0.114844 0.117969 0.796875
1 0.51875 0.457031 0.117188 0.117188 0.607422
0 0.656641 0.428906 0.0429688 0.0492187 0.520508
1 0.516016 0.457813 0.115625 0.120313 0.686035
0 0.518359 0.459375 0.121875 0.123438 0.57959
1 0.514063 0.457031 0.129687 0.120313 0.901367
1 0.517969 0.45625 0.125 0.117188 0.89209
1 0.516406 0.456641 0.13125 0.117188 0.900391
1 0.514844 0.45625 0.126563 0.117188 0.873535
1 0.656641 0.429688 0.0421875 0.0515625 0.506836
1 0.514844 0.457812 0.129688 0.117187 0.813477
1 0.516016 0.456641 0.125 0.121094 0.833984
1 0.513281 0.457031 0.11875 0.117188 0.795898
1 0.513281 0.458984 0.125781 0.120313 0.834961
1 0.515234 0.460156 0.127344 0.121875 0.845215
1 0.514844 0.458594 0.126563 0.117188 0.884277
1 0.514844 0.457422 0.121875 0.117969 0.810059
1 0.517187 0.457031 0.124219 0.117188 0.878906
1 0.517969 0.457031 0.124219 0.120313 0.806152
0 0.514453 0.456641 0.122656 0.117969 0.674805
0 0.515234 0.45625 0.127344 0.121875 0.57959
1 0.513281 0.455469 0.123437 0.125 0.551758
1 0.515234 0.458203 0.125 0.122656 0.76709
1 0.510938 0.457031 0.128125 0.120313 0.854492
1 0.513672 0.45625 0.130469 0.11875 0.850586
1 0.517969 0.458594 0.126563 0.121875 0.796875
1 0.516406 0.45625 0.128125 0.120312 0.82959
1 0.513672 0.457813 0.123437 0.120313 0.861816
1 0.51875 0.458594 0.126563 0.120313 0.856445
1 0.520313 0.461719 0.128125 0.124219 0.869141
1 0.519141 0.458594 0.127344 0.121875 0.838379
1 0.5125 0.457812 0.121094 0.117187 0.862793
1 0.514063 0.457813 0.121875 0.120313 0.879395
1 0.516406 0.458594 0.123437 0.120313 0.796387
1 0.516406 0.458594 0.120313 0.120313 0.689941
1 0.517969 0.458594 0.126563 0.121094 0.756348
1 0.515625 0.457031 0.126562 0.11875 0.821777
1 0.657031 0.430078 0.0460938 0.0492187 0.624512
1 0.515625 0.457031 0.128125 0.11875 0.825195
1 0.5125 0.45625 0.11875 0.11875 0.737793
0 0.515625 0.457031 0.128125 0.120313 0.504883
1 0.517969 0.45625 0.129687 0.11875 0.792969
1 0.517969 0.456641 0.125 0.119531 0.798828
1 0.517578 0.457812 0.121094 0.121875 0.737305
1 0.51875 0.458203 0.121875 0.120312 0.739258
1 0.520312 0.458984 0.128906 0.121875 0.779785
1 0.522656 0.458594 0.140625 0.121875 0.815918
1 0.65625 0.429688 0.0421875 0.0515625 0.558105
1 0.527344 0.457031 0.14375 0.121875 0.856445
1 0.657031 0.429297 0.0429688 0.0523437 0.694336
1 0.527344 0.457813 0.14375 0.120313 0.861816
1 0.657031 0.429688 0.04375 0.053125 0.631836
1 0.527344 0.45625 0.146875 0.11875 0.806641
1 0.657812 0.429297 0.0453125 0.053125 0.57959
1 0.528125 0.457031 0.145313 0.117188 0.832031
1 0.657812 0.429688 0.04375 0.053125 0.556641
1 0.525 0.457031 0.14375 0.11875 0.809082
1 0.657031 0.430078 0.0453125 0.0515625 0.586914
1 0.522656 0.455469 0.1375 0.121875 0.836426
1 0.515625 0.458594 0.117188 0.119531 0.782715
1 0.517578 0.458594 0.121875 0.120313 0.755859
1 0.657812 0.429297 0.04375 0.0507812 0.558105
1 0.51875 0.458594 0.125 0.120313 0.801758
1 0.657031 0.429297 0.0421875 0.0507812 0.668945
1 0.521875 0.457031 0.138281 0.11875 0.827637
1 0.657031 0.429297 0.0421875 0.0515625 0.728027
1 0.522656 0.455469 0.142188 0.11875 0.849121
1 0.656641 0.428906 0.04375 0.053125 0.644043
1 0.525 0.45625 0.142188 0.11875 0.859863
1 0.65625 0.429297 0.0414063 0.053125 0.535156
1 0.523828 0.454688 0.142969 0.120313 0.884277
1 0.523438 0.455469 0.142187 0.120312 0.878906
1 0.524219 0.45625 0.139062 0.11875 0.858887
1 0.523438 0.455469 0.139062 0.120312 0.851074
1 0.521875 0.45625 0.142188 0.117188 0.813965
1 0.520703 0.455859 0.136719 0.11875 0.794434
1 0.520313 0.457031 0.134375 0.117188 0.804199
1 0.51875 0.457031 0.132812 0.117188 0.818848
1 0.521875 0.457812 0.1375 0.123437 0.833496
1 0.526172 0.457812 0.14375 0.121875 0.831055
1 0.526172 0.45625 0.146875 0.123438 0.841797
1 0.526563 0.457812 0.146875 0.121875 0.859863
1 0.523438 0.458594 0.14375 0.120313 0.853027
1 0.521875 0.458203 0.14375 0.121094 0.862305
1 0.657812 0.429297 0.0421875 0.0523437 0.546875
1 0.522656 0.458203 0.14375 0.121094 0.89502
1 0.657031 0.429688 0.0421875 0.0515625 0.607422
1 0.521094 0.456641 0.142188 0.11875 0.911133
1 0.657031 0.429688 0.0421875 0.0515625 0.615234
1 0.519141 0.455859 0.136719 0.11875 0.880859
1 0.519141 0.457031 0.134375 0.11875 0.84375
1 0.51875 0.455859 0.132812 0.117969 0.868652
1 0.657031 0.428906 0.0421875 0.0515625 0.588867
1 0.519531 0.456641 0.134375 0.117969 0.896484
1 0.657031 0.429297 0.0421875 0.0515625 0.638672
1 0.519531 0.45625 0.134375 0.120312 0.917969
1 0.657422 0.428906 0.0429688 0.0515625 0.645996
1 0.517188 0.45625 0.130469 0.120312 0.897461
1 0.657422 0.428906 0.0421875 0.0515625 0.598145
1 0.517969 0.457031 0.132813 0.120313 0.878418
1 0.521875 0.457422 0.139063 0.121094 0.880859
1 0.525 0.457422 0.142969 0.120312 0.89502
1 0.525781 0.458203 0.145312 0.119531 0.905273
1 0.525 0.458594 0.14375 0.120313 0.89502
1 0.521094 0.457422 0.138281 0.120312 0.862305
1 0.520312 0.457813 0.139062 0.11875 0.853027
1 0.520703 0.457031 0.139844 0.119531 0.864258
1 0.521875 0.457031 0.14375 0.119531 0.896484
1 0.523438 0.457422 0.145313 0.120312 0.908691
1 0.522656 0.457031 0.14375 0.121875 0.908691
1 0.521094 0.457031 0.140625 0.120313 0.901855
1 0.517969 0.457031 0.133594 0.119531 0.869629
1 0.520312 0.457031 0.139062 0.120313 0.870605
1 0.520312 0.45625 0.1375 0.11875 0.877441
1 0.521094 0.45625 0.1375 0.11875 0.893066
1 0.523438 0.45625 0.142187 0.121094 0.891113
1 0.522266 0.45625 0.140625 0.120312 0.89502
1 0.520703 0.455859 0.139063 0.119531 0.896484
1 0.520703 0.455859 0.138281 0.120313 0.891602
1 0.521875 0.45625 0.140625 0.121875 0.896484
1 0.523438 0.45625 0.142187 0.121875 0.898438
1 0.524219 0.45625 0.146094 0.120312 0.905273
1 0.524219 0.456641 0.146875 0.120313 0.91748
1 0.524609 0.45625 0.147656 0.120312 0.925293
1 0.525 0.455859 0.148438 0.119531 0.924316
1 0.524609 0.455469 0.148438 0.11875 0.924805
1 0.525 0.455469 0.148438 0.11875 0.924805
1 0.525391 0.455469 0.148438 0.120312 0.931152
1 0.525781 0.455469 0.148438 0.120312 0.925781
1 0.525781 0.455859 0.148438 0.119531 0.919434
1 0.525781 0.455469 0.15 0.119531 0.916016
1 0.525781 0.455469 0.15 0.119531 0.913086
1 0.525781 0.455469 0.149219 0.11875 0.915039
1 0.525391 0.455859 0.148438 0.119531 0.918457
1 0.525 0.455469 0.146875 0.120312 0.920898
1 0.524219 0.455469 0.146094 0.120312 0.919434
1 0.524219 0.455469 0.146875 0.120312 0.919434
1 0.524219 0.455469 0.145313 0.119531 0.921875
1 0.522656 0.458203 0.14375 0.121094 0.89502
1 0.657031 0.429688 0.0421875 0.0515625 0.609375
