0 0.348242 0.38584 0.176953 0.175195 0.542969
0 0.358398 0.382031 0.209766 0.166406 0.565918
0 0.360742 0.379297 0.211328 0.166406 0.657715
1 0.341016 0.378906 0.170312 0.157813 0.515625
0 0.3625 0.383203 0.21875 0.161719 0.517578
0 0.436328 0.381641 0.0640625 0.0546875 0.617676
1 0.336719 0.38125 0.160156 0.164844 0.517578
1 0.347656 0.384766 0.182813 0.163281 0.557129
1 0.3625 0.386328 0.208594 0.170313 0.755859
1 0.341797 0.386621 0.165625 0.167383 0.777832
1 0.360156 0.389941 0.205469 0.170117 0.831055
1 0.364453 0.388379 0.214844 0.168555 0.708984
1 0.363281 0.387598 0.214063 0.168555 0.654785
1 0.361719 0.385059 0.214844 0.16582 0.651367
1 0.360547 0.385156 0.213281 0.160938 0.587891
1 0.337109 0.385547 0.160937 0.169531 0.616699
1 0.34043 0.386035 0.161328 0.166992 0.803711
1 0.360938 0.387891 0.214844 0.169531 0.716309
1 0.358594 0.383594 0.203125 0.169531 0.57373
1 0.345313 0.387891 0.182031 0.167969 0.734863
1 0.360156 0.387891 0.214844 0.16875 0.828613
1 0.360742 0.388672 0.212891 0.173438 0.717773
1 0.361133 0.385059 0.203516 0.168945 0.78418
1 0.364453 0.382812 0.210156 0.171094 0.755859
1 0.363477 0.382422 0.211328 0.173437 0.759277
1 0.363672 0.386035 0.219531 0.17168 0.679199
1 0.356641 0.383984 0.2 0.163281 0.84668
1 0.361719 0.382031 0.214062 0.167969 0.890625
1 0.35957 0.383594 0.211328 0.16875 0.751465
1 0.355469 0.38291 0.2 0.17168 0.514648
1 0.363672 0.383594 0.207031 0.167187 0.714844
1 0.364258 0.385547 0.210547 0.170312 0.643555
1 0.362695 0.385254 0.205859 0.16543 0.666504
1 0.360156 0.387598 0.203125 0.162305 0.655762
0 0.433984 0.381641 0.06875 0.0601563 0.556641
1 0.362891 0.3875 0.202344 0.16875 0.596191
0 0.435547 0.38125 0.0648437 0.0546875 0.583008
0 0.435938 0.38125 0.065625 0.0601563 0.605957
1 0.361523 0.385254 0.212109 0.17168 0.555664
1 0.359766 0.384473 0.202344 0.16543 0.810547
1 0.348437 0.383984 0.185937 0.170312 0.782715
1 0.361719 0.388379 0.210938 0.170117 0.559082
0 0.435156 0.382812 0.0671875 0.0640625 0.543945
0 0.435938 0.383203 0.0640625 0.0601563 0.705078
1 0.360742 0.384375 0.201953 0.167188 0.76416
1 0.362109 0.38291 0.203906 0.17168 0.800781
1 0.334766 0.383691 0.155469 0.170117 0.862793
1 0.334375 0.382812 0.153906 0.171875 0.826172
1 0.331641 0.383984 0.148438 0.172656 0.79834
1 0.3375 0.384766 0.160156 0.173438 0.78125
1 0.3375 0.384375 0.158594 0.171094 0.865723
1 0.338477 0.384375 0.159766 0.166406 0.767578
1 0.361719 0.382422 0.214062 0.171094 0.759277
1 0.357813 0.382422 0.210156 0.169531 0.813477
1 0.433203 0.381641 0.0671875 0.0601563 0.566895
1 0.364062 0.384277 0.214062 0.16582 0.87793
1 0.343359 0.381934 0.171875 0.164258 0.897461
1 0.336328 0.382031 0.159375 0.165625 0.853516
1 0.334961 0.381934 0.159766 0.168945 0.806152
1 0.336719 0.381641 0.161719 0.167969 0.646973
1 0.435547 0.382422 0.0679688 0.0601562 0.510742
1 0.344531 0.381934 0.176563 0.167383 0.638672
0 0.436328 0.383203 0.0679688 0.0617187 0.506836
1 0.338672 0.382031 0.1625 0.170312 0.706543
0 0.435938 0.382031 0.06875 0.0632812 0.676758
1 0.3375 0.383496 0.160937 0.168945 0.84668
0 0.435938 0.382422 0.06875 0.0625 0.514648
1 0.336523 0.382422 0.162109 0.170313 0.820312
0 0.436719 0.381641 0.06875 0.065625 0.616211
0 0.435938 0.381641 0.06875 0.0640625 0.739258
1 0.341211 0.382715 0.169141 0.164258 0.712402
0 0.435547 0.380859 0.0679688 0.0648437 0.714844
1 0.338477 0.383594 0.163672 0.171875 0.666504
1 0.344531 0.383203 0.175781 0.169531 0.798828
1 0.363086 0.384766 0.217578 0.171094 0.833008
1 0.363086 0.385547 0.220703 0.16875 0.80127
1 0.33457 0.382129 0.160547 0.16543 0.814453
1 0.334375 0.381641 0.161719 0.166406 0.808594
1 0.357031 0.384375 0.205469 0.16875 0.796875
1 0.335938 0.381934 0.157813 0.167383 0.854492
1 0.3625 0.388281 0.219531 0.173437 0.511719
1 0.333398 0.381934 0.156641 0.167383 0.880371
0 0.434375 0.382129 0.0640625 0.0591797 0.694336
0 0.434375 0.380469 0.0640625 0.0609375 0.880859
1 0.334375 0.382129 0.159375 0.166992 0.862793
1 0.33457 0.384277 0.155859 0.162695 0.843262
1 0.335156 0.383691 0.157813 0.166992 0.856445
1 0.349805 0.384375 0.191797 0.16875 0.827148
1 0.334766 0.383984 0.160938 0.164844 0.821777
1 0.337695 0.385938 0.165234 0.164844 0.821777
1 0.341406 0.384473 0.169531 0.15918 0.855469
1 0.365234 0.381641 0.217969 0.161719 0.70166
0 0.435547 0.381641 0.0679688 0.0625 0.644043
0 0.434766 0.381641 0.0664062 0.0625 0.73584
1 0.33457 0.384277 0.155859 0.162695 0.703125
0 0.435156 0.382031 0.0671875 0.0625 0.62793
1 0.338086 0.383984 0.158203 0.164844 0.796387
0 0.435156 0.382031 0.065625 0.0609375 0.519531
1 0.333398 0.385254 0.156641 0.168555 0.786621
0 0.434766 0.382422 0.0679688 0.0632812 0.523438
1 0.338477 0.383984 0.160547 0.165625 0.74707
1 0.338086 0.384375 0.158203 0.163281 0.814453
1 0.335156 0.383594 0.158594 0.164062 0.847656
1 0.335938 0.38125 0.158594 0.164844 0.864746
0 0.436719 0.38125 0.0671875 0.0625 0.71875
1 0.334766 0.381641 0.15625 0.161719 0.860352
0 0.436328 0.382422 0.0664062 0.0625 0.760742
0 0.435938 0.382031 0.0671875 0.0625 0.836426
1 0.334766 0.383691 0.157813 0.160742 0.660156
1 0.336133 0.383984 0.157422 0.161719 0.782227
0 0.436328 0.381934 0.0664062 0.0611328 0.78125
1 0.334961 0.383594 0.159766 0.1625 0.797363
1 0.333984 0.38125 0.155469 0.166406 0.841797
0 0.436719 0.382422 0.065625 0.0625 0.782715
1 0.33457 0.382422 0.160547 0.164844 0.881836
0 0.436719 0.382812 0.0640625 0.0625 0.694336
1 0.352344 0.38125 0.189844 0.165625 0.831055
0 0.435938 0.382422 0.0671875 0.0632812 0.509766
1 0.362305 0.382129 0.208203 0.16543 0.819824
0 0.434375 0.380469 0.0664062 0.0632812 0.571777
1 0.354492 0.38291 0.194141 0.163867 0.73584
0 0.434375 0.380566 0.0664062 0.0623047 0.700684
1 0.333594 0.38125 0.157812 0.163281 0.756836
0 0.435156 0.38125 0.06875 0.0632813 0.607422
1 0.435938 0.384375 0.0679688 0.0671875 0.570801
1 0.334375 0.381348 0.157031 0.163867 0.786133
1 0.435938 0.382422 0.06875 0.0625 0.50293
1 0.33418 0.381641 0.156641 0.163281 0.791992
1 0.355859 0.383594 0.203906 0.164062 0.773438
1 0.367188 0.387891 0.209375 0.154687 0.67041
0 0.435938 0.382422 0.0671875 0.0640625 0.71875
1 0.341016 0.383594 0.165625 0.165625 0.699219
1 0.354297 0.383984 0.190625 0.164062 0.771973
0 0.435156 0.382422 0.06875 0.0625 0.539062
1 0.352734 0.382715 0.188281 0.167383 0.788086
1 0.347656 0.38291 0.176562 0.16543 0.84082
1 0.352734 0.382031 0.192187 0.164062 0.841797
1 0.335156 0.380859 0.159375 0.164062 0.862305
1 0.334961 0.381641 0.158203 0.1625 0.844727
0 0.436719 0.383203 0.0664062 0.0632813 0.513672
1 0.35625 0.382422 0.201562 0.164844 0.71875
0 0.435156 0.382422 0.0671875 0.065625 0.702637
1 0.35625 0.382422 0.198437 0.163281 0.745605
0 0.435547 0.382715 0.0671875 0.0642578 0.645996
1 0.340039 0.382715 0.171484 0.16582 0.787109
0 0.435938 0.382715 0.0671875 0.0642578 0.541016
1 0.362109 0.382129 0.21875 0.163867 0.847168
1 0.363086 0.382129 0.217578 0.16543 0.879883
1 0.355273 0.382031 0.201953 0.165625 0.868164
1 0.435938 0.382422 0.06875 0.0640625 0.575684
1 0.335156 0.38125 0.159375 0.165625 0.876465
1 0.334766 0.382812 0.157813 0.167188 0.842773
1 0.333008 0.382715 0.155859 0.16582 0.824219
1 0.435156 0.380859 0.06875 0.0625 0.57373
1 0.333594 0.38291 0.153906 0.168555 0.871582
1 0.435156 0.380859 0.0679687 0.0632812 0.59082
1 0.33418 0.382422 0.153516 0.167188 0.893066
1 0.333984 0.382031 0.152344 0.165625 0.872559
1 0.33418 0.383594 0.153516 0.167969 0.85498
0 0.435938 0.382422 0.0671875 0.065625 0.541016
1 0.33457 0.382812 0.155078 0.169531 0.841797
0 0.436719 0.381641 0.0671875 0.0640625 0.677246
1 0.33418 0.382129 0.155859 0.168555 0.844727
0 0.436719 0.382031 0.0671875 0.0640625 0.713867
1 0.334375 0.382422 0.155469 0.167188 0.855957
0 0.436719 0.382031 0.06875 0.0640625 0.647949
1 0.33457 0.38291 0.155859 0.170117 0.837402
0 0.435938 0.381641 0.06875 0.0640625 0.600098
1 0.334766 0.381152 0.157031 0.170508 0.779785
0 0.435938 0.381348 0.0671875 0.0638672 0.651367
1 0.33457 0.381934 0.157422 0.170508 0.758301
0 0.436719 0.38125 0.0671875 0.0648437 0.625977
1 0.33418 0.382422 0.155859 0.171094 0.818848
0 0.436719 0.382031 0.065625 0.0664062 0.663574
1 0.333594 0.382715 0.15625 0.170508 0.889648
0 0.436719 0.381934 0.065625 0.0658203 0.733887
1 0.333984 0.383203 0.157031 0.171094 0.918457
0 0.436719 0.382031 0.0671875 0.065625 0.699219
1 0.334375 0.382812 0.15625 0.170312 0.923828
0 0.436719 0.380859 0.06875 0.0671875 0.57959
1 0.334766 0.382422 0.155469 0.16875 0.923828
1 0.334766 0.382812 0.154687 0.166406 0.908691
1 0.33457 0.383691 0.154297 0.166992 0.894043
1 0.33457 0.383203 0.153516 0.164062 0.889648
1 0.435938 0.380078 0.0671875 0.0625 0.517578
1 0.334961 0.382812 0.153516 0.164844 0.896484
0 0.435937 0.382031 0.0664062 0.0640625 0.527344
1 0.334961 0.382422 0.154297 0.167969 0.893066
0 0.435938 0.382031 0.0671875 0.0648437 0.730957
1 0.335156 0.382031 0.154687 0.167188 0.896973
0 0.435938 0.382031 0.0671875 0.0648437 0.726562
1 0.334961 0.381934 0.155859 0.16582 0.891602
0 0.435547 0.382129 0.0664062 0.0638672 0.637207
1 0.335352 0.382422 0.156641 0.166406 0.882324
0 0.435937 0.382031 0.0664062 0.0640625 0.600098
1 0.335547 0.383203 0.15625 0.167187 0.888184
0 0.436328 0.382422 0.0664062 0.0640625 0.556641
1 0.335352 0.382812 0.155859 0.165625 0.897461
0 0.436328 0.382422 0.0664062 0.0632812 0.529297
1 0.334766 0.382031 0.155469 0.164844 0.911621
1 0.334766 0.381934 0.154687 0.164258 0.922363
0 0.436328 0.382715 0.0671875 0.0642578 0.501953
1 0.333984 0.381152 0.155469 0.16582 0.925293
0 0.436328 0.382422 0.0664062 0.0648438 0.584961
1 0.33457 0.382031 0.157422 0.167188 0.922852
0 0.436328 0.382422 0.0664062 0.0648438 0.563965
1 0.333984 0.382129 0.157031 0.166992 0.920898
1 0.33418 0.382422 0.156641 0.167188 0.913086
1 0.334766 0.382422 0.155469 0.167188 0.919434
1 0.334766 0.382031 0.155469 0.167188 0.924316
0 0.436719 0.382422 0.0664062 0.0640625 0.588867
1 0.33457 0.381641 0.155859 0.166406 0.920898
0 0.436719 0.382422 0.0664062 0.0640625 0.613281
1 0.333984 0.381934 0.15625 0.16582 0.909668
0 0.436719 0.382422 0.0671875 0.0640625 0.533203
1 0.333984 0.382031 0.155469 0.165625 0.905762
0 0.436719 0.382031 0.0671875 0.0640625 0.507812
1 0.333984 0.382031 0.155469 0.165625 0.90332
1 0.334375 0.382031 0.155469 0.165625 0.905762
0 0.436328 0.382031 0.0664062 0.0640625 0.581543
1 0.334375 0.382129 0.155469 0.16543 0.906738
0 0.436328 0.382031 0.0664062 0.0640625 0.625977
1 0.334375 0.381641 0.155469 0.164844 0.904785
0 0.436328 0.382031 0.0664062 0.0640625 0.635254
1 0.334375 0.381641 0.155469 0.164844 0.908203
0 0.436328 0.382031 0.0664062 0.0640625 0.618652
1 0.334375 0.381641 0.155469 0.164844 0.909668
0 0.436328 0.382031 0.0664062 0.0640625 0.600098
1 0.363086 0.382129 0.217578 0.16543 0.879883
