1 0.65625 0.426953 0.0390625 0.0453125 0.518555
1 0.654297 0.428125 0.0421875 0.05 0.567871
0 0.525391 0.46875 0.113281 0.121875 0.543945
1 0.523438 0.467578 0.115625 0.117187 0.588867
1 0.521875 0.472266 0.114062 0.125 0.510742
1 0.521094 0.472656 0.1125 0.125 0.620605
1 0.523438 0.465625 0.117188 0.10625 0.617676
1 0.517188 0.492188 0.107031 0.08125 0.646973
1 0.51875 0.477344 0.1125 0.104688 0.62793
1 0.655469 0.425 0.04375 0.0484375 0.602051
1 0.519531 0.472656 0.116406 0.125 0.676758
1 0.519531 0.476562 0.117188 0.110937 0.662109
1 0.517969 0.487109 0.117188 0.0851563 0.788574
0 0.654688 0.426172 0.0453125 0.0453125 0.602051
1 0.654688 0.426172 0.0421875 0.046875 0.563965
1 0.657031 0.425781 0.0445313 0.0453125 0.85498
1 0.521094 0.470703 0.121875 0.105469 0.644043
1 0.655078 0.425781 0.0460938 0.04375 0.855957
1 0.521484 0.471094 0.120313 0.103125 0.570801
1 0.522656 0.46875 0.11875 0.109375 0.603027
1 0.653516 0.425781 0.0429688 0.0445313 0.57666
1 0.654688 0.426563 0.04375 0.046875 0.597168
1 0.655469 0.425781 0.0429688 0.04375 0.562988
1 0.655078 0.425781 0.0414062 0.04375 0.582031
1 0.521875 0.470703 0.117188 0.117188 0.582031
1 0.522656 0.46875 0.11875 0.115625 0.744629
1 0.654297 0.426172 0.0445312 0.0484375 0.606934
1 0.517969 0.492188 0.109375 0.0835937 0.541016
1 0.654688 0.425781 0.0421875 0.046875 0.555664
1 0.514453 0.462891 0.105469 0.103906 0.514648
1 0.523438 0.474219 0.119531 0.10625 0.706543
1 0.655469 0.426953 0.04375 0.0460938 0.596191
1 0.521094 0.476172 0.115625 0.104688 0.578613
1 0.522656 0.478906 0.11875 0.0890625 0.598145
1 0.521875 0.475781 0.11875 0.1 0.750488
1 0.655078 0.426563 0.0429688 0.046875 0.546875
1 0.523828 0.481641 0.124219 0.0890625 0.661133
1 0.522656 0.491406 0.123438 0.08125 0.681641
1 0.523047 0.492969 0.124219 0.0796875 0.564941
1 0.500781 0.483203 0.0796875 0.0609375 0.533203
1 0.654297 0.428125 0.0460938 0.046875 0.63623
1 0.501172 0.483594 0.0804688 0.059375 0.606934
1 0.654297 0.426953 0.0445312 0.046875 0.733398
1 0.501562 0.485156 0.075 0.0609375 0.587891
1 0.515625 0.494531 0.107812 0.0828125 0.756836
1 0.654688 0.427344 0.0453125 0.046875 0.599121
1 0.514844 0.492578 0.104687 0.0789062 0.832031
1 0.655469 0.427344 0.0453125 0.04375 0.59375
1 0.516016 0.493359 0.107031 0.0851562 0.780762
1 0.654297 0.427344 0.0445312 0.0453125 0.661133
1 0.518359 0.494531 0.110156 0.084375 0.581543
0 0.654297 0.427344 0.0460938 0.0453125 0.555664
0 0.655078 0.426562 0.0453125 0.0460937 0.608398
1 0.501172 0.482813 0.0796875 0.0609375 0.643555
1 0.502344 0.482422 0.0765625 0.0625 0.815918
0 0.654688 0.427344 0.0445312 0.0484375 0.617676
1 0.505469 0.467969 0.0851563 0.103125 0.504883
1 0.505469 0.4625 0.0859375 0.104688 0.608398
0 0.654688 0.426953 0.04375 0.0492187 0.583984
0 0.655469 0.427344 0.0453125 0.0484375 0.67334
1 0.519922 0.464453 0.116406 0.103125 0.787109
1 0.519531 0.463281 0.114063 0.103125 0.673828
1 0.525 0.463672 0.125 0.0960937 0.803711
1 0.654688 0.425781 0.0445312 0.0445313 0.619629
1 0.653906 0.426562 0.0453125 0.0453125 0.744141
1 0.525391 0.463281 0.125781 0.0984375 0.737793
1 0.654297 0.426562 0.0453125 0.04375 0.772461
1 0.503906 0.480469 0.0828125 0.065625 0.526367
1 0.654297 0.426562 0.0445312 0.0453125 0.549805
0 0.655859 0.426562 0.0453125 0.0453125 0.646973
1 0.655078 0.426172 0.0460938 0.0453125 0.630859
1 0.655469 0.425781 0.04375 0.0453125 0.674805
1 0.517187 0.475781 0.107812 0.08125 0.663574
1 0.655469 0.426953 0.0460937 0.0445313 0.566895
1 0.655469 0.425781 0.0460937 0.046875 0.60498
1 0.516406 0.4625 0.104688 0.103125 0.568848
1 0.654688 0.426563 0.04375 0.046875 0.520508
1 0.510156 0.4625 0.09375 0.105469 0.518555
1 0.655469 0.425781 0.0453125 0.046875 0.551758
1 0.513281 0.464063 0.103906 0.1 0.607422
1 0.510156 0.472656 0.0976563 0.08125 0.690918
1 0.514063 0.460156 0.104687 0.09375 0.570801
1 0.517578 0.467578 0.109375 0.113281 0.748535
1 0.654688 0.426563 0.0429688 0.046875 0.653809
1 0.519141 0.473047 0.110938 0.116406 0.835938
1 0.654688 0.426563 0.04375 0.046875 0.663574
0 0.654297 0.425391 0.04375 0.0476562 0.673828
0 0.517969 0.467188 0.10625 0.110938 0.622559
1 0.514063 0.475781 0.103125 0.0859375 0.637695
1 0.653906 0.426562 0.04375 0.0453125 0.57959
1 0.654688 0.426563 0.04375 0.046875 0.662109
1 0.5125 0.475 0.1 0.084375 0.635254
1 0.503516 0.483984 0.0757813 0.059375 0.535156
1 0.654688 0.427344 0.046875 0.046875 0.673828
1 0.653906 0.427344 0.0453125 0.046875 0.665527
1 0.520312 0.467969 0.115625 0.0929687 0.582031
0 0.654688 0.427344 0.0453125 0.0484375 0.613281
0 0.653906 0.426562 0.04375 0.0476563 0.67041
1 0.655078 0.427344 0.0453125 0.046875 0.607422
1 0.655469 0.426563 0.04375 0.046875 0.723145
1 0.522656 0.4875 0.117969 0.075 0.610352
1 0.502344 0.485938 0.0765625 0.065625 0.567871
1 0.655469 0.426172 0.04375 0.0484375 0.637207
1 0.523438 0.485938 0.120313 0.071875 0.521484
1 0.653125 0.426953 0.0421875 0.0476562 0.660156
1 0.521094 0.488281 0.11875 0.071875 0.548828
1 0.654297 0.427344 0.04375 0.046875 0.705566
1 0.522266 0.466406 0.116406 0.1125 0.607422
1 0.521484 0.46875 0.116406 0.115625 0.756348
1 0.654688 0.426563 0.0453125 0.046875 0.642578
1 0.654688 0.426563 0.0453125 0.046875 0.71875
1 0.523438 0.467188 0.121875 0.1125 0.716797
1 0.525391 0.467188 0.124219 0.1125 0.739258
1 0.655078 0.426563 0.0445313 0.046875 0.686035
1 0.653906 0.426953 0.04375 0.0453125 0.785156
1 0.525 0.464844 0.123437 0.10625 0.728027
1 0.524219 0.463281 0.121875 0.108594 0.71875
1 0.654297 0.427344 0.04375 0.046875 0.635254
1 0.654688 0.427344 0.0453125 0.0476562 0.660156
1 0.520312 0.462891 0.114063 0.107031 0.537109
1 0.520312 0.466406 0.114063 0.1125 0.808105
1 0.654688 0.426953 0.04375 0.046875 0.713867
1 0.519922 0.467969 0.113281 0.114063 0.712891
1 0.654688 0.426563 0.0445312 0.046875 0.562012
1 0.521875 0.464844 0.115625 0.107812 0.678223
1 0.654688 0.426953 0.0453125 0.0492187 0.515625
1 0.521875 0.464453 0.120312 0.109375 0.624512
1 0.654688 0.427344 0.0453125 0.046875 0.604004
1 0.654688 0.427344 0.0453125 0.0484375 0.539062
1 0.655859 0.427344 0.0460938 0.0484375 0.656738
1 0.522656 0.466016 0.117188 0.111719 0.662598
1 0.655469 0.427344 0.0453125 0.0484375 0.622559
1 0.521875 0.469922 0.117969 0.114844 0.742188
1 0.653906 0.427344 0.0453125 0.0484375 0.662109
0 0.653906 0.427344 0.0429688 0.0484375 0.596191
1 0.522266 0.470703 0.117187 0.113281 0.610352
1 0.522656 0.472656 0.11875 0.114063 0.780762
1 0.654688 0.426953 0.04375 0.0460938 0.571777
1 0.522656 0.471875 0.117188 0.113281 0.747559
0 0.655469 0.427344 0.04375 0.0484375 0.503906
1 0.522656 0.472266 0.117188 0.114844 0.728516
0 0.655469 0.428125 0.04375 0.0484375 0.642578
1 0.521094 0.471094 0.115625 0.11875 0.661133
0 0.653906 0.427344 0.04375 0.0484375 0.624512
1 0.521094 0.471094 0.115625 0.117188 0.697754
1 0.520313 0.469922 0.114844 0.115625 0.699219
1 0.520703 0.470313 0.117188 0.1125 0.788574
1 0.655469 0.427344 0.0453125 0.0484375 0.571777
1 0.520312 0.469531 0.115625 0.110938 0.849121
1 0.655469 0.427344 0.0453125 0.0476562 0.700684
1 0.521094 0.469141 0.117969 0.108594 0.838867
1 0.655078 0.426563 0.0460938 0.046875 0.773438
1 0.521094 0.466797 0.115625 0.108594 0.799316
1 0.654688 0.427344 0.04375 0.046875 0.62793
1 0.521094 0.46875 0.114844 0.108594 0.713867
1 0.654688 0.427344 0.04375 0.046875 0.523438
1 0.655078 0.426563 0.0453125 0.046875 0.697754
1 0.520703 0.466406 0.114844 0.103125 0.664551
1 0.520312 0.46875 0.114063 0.110937 0.713867
1 0.655469 0.427344 0.0453125 0.046875 0.67041
1 0.521094 0.466797 0.115625 0.1125 0.667969
1 0.655859 0.427344 0.0453125 0.046875 0.569824
1 0.655078 0.426563 0.0445313 0.046875 0.554688
1 0.521094 0.467188 0.117188 0.117188 0.57666
1 0.521875 0.470313 0.115625 0.11875 0.754883
1 0.521875 0.470703 0.116406 0.116406 0.73584
1 0.523438 0.471484 0.11875 0.113281 0.744141
1 0.523438 0.471484 0.120313 0.108594 0.737793
1 0.522656 0.466406 0.11875 0.104688 0.549805
1 0.521875 0.464844 0.115625 0.101562 0.53125
1 0.521875 0.466016 0.117188 0.103906 0.743164
1 0.521875 0.467969 0.117969 0.104687 0.780762
1 0.521875 0.466406 0.117969 0.104688 0.809082
1 0.521875 0.465625 0.117188 0.101562 0.81543
1 0.520703 0.467188 0.114844 0.09375 0.716309
1 0.519141 0.470313 0.111719 0.0875 0.53418
0 0.655078 0.426953 0.0453125 0.046875 0.548828
0 0.655078 0.426953 0.0445313 0.046875 0.563965
1 0.521094 0.469141 0.115625 0.107031 0.571777
1 0.520703 0.472656 0.116406 0.1 0.621582
0 0.654688 0.427344 0.0453125 0.046875 0.505859
1 0.521094 0.465625 0.115625 0.104688 0.553711
1 0.654688 0.427344 0.0453125 0.046875 0.525391
1 0.521875 0.466406 0.117188 0.109375 0.633301
1 0.654688 0.427344 0.0453125 0.046875 0.546875
1 0.522266 0.467188 0.11875 0.113281 0.728516
1 0.522656 0.468359 0.11875 0.114844 0.762207
1 0.521875 0.466406 0.11875 0.114062 0.75
1 0.521875 0.464063 0.11875 0.110938 0.703125
1 0.521875 0.464063 0.11875 0.107813 0.716309
1 0.522266 0.463672 0.11875 0.107031 0.727051
1 0.522656 0.461719 0.117188 0.10625 0.733887
1 0.522266 0.4625 0.116406 0.107812 0.740234
1 0.522656 0.465625 0.117188 0.110938 0.756836
1 0.522266 0.465234 0.117969 0.111719 0.747559
1 0.521875 0.464844 0.117188 0.110937 0.729492
1 0.521875 0.464453 0.117188 0.109375 0.731934
1 0.521875 0.464063 0.117188 0.109375 0.74707
1 0.521484 0.463672 0.116406 0.108594 0.741699
1 0.521094 0.4625 0.115625 0.107812 0.705566
1 0.521094 0.463281 0.115625 0.107813 0.708008
1 0.521484 0.463672 0.116406 0.107031 0.704102
1 0.520312 0.469531 0.115625 0.110156 0.848145
1 0.655469 0.427344 0.0453125 0.0476562 0.699219
