1 0.618359 0.259375 0.0515625 0.0476563 0.538086
1 0.61875 0.266016 0.0484375 0.0414063 0.803223
1 0.616016 0.263281 0.05625 0.0414063 0.541992
1 0.621875 0.263281 0.046875 0.04375 0.703125
1 0.619531 0.262891 0.05625 0.0460938 0.535156
1 0.621484 0.262305 0.0523437 0.0449219 0.626953
1 0.619531 0.260547 0.053125 0.0476563 0.541992
1 0.621875 0.261719 0.0546875 0.05 0.552734
1 0.622266 0.261914 0.05 0.05 0.623535
1 0.623828 0.260938 0.0507812 0.05 0.698242
1 0.621875 0.257812 0.0546875 0.0546875 0.512695
1 0.621875 0.260938 0.05 0.0480469 0.637207
1 0.621875 0.259766 0.053125 0.05 0.684082
1 0.621875 0.2625 0.053125 0.0492187 0.529297
1 0.623438 0.262891 0.059375 0.0492187 0.618652
1 0.619531 0.259766 0.0492188 0.046875 0.60498
1 0.619922 0.260156 0.0523438 0.0519531 0.67334
1 0.619531 0.262109 0.0484375 0.0460937 0.561035
1 0.621094 0.262109 0.0515625 0.0464844 0.589844
1 0.621094 0.260156 0.0515625 0.0472656 0.76123
1 0.621484 0.259766 0.0539063 0.0492188 0.644043
1 0.619141 0.259766 0.0507812 0.0515625 0.507812
1 0.621484 0.2625 0.0523437 0.05 0.712402
1 0.622656 0.261328 0.053125 0.05 0.686035
1 0.622266 0.260938 0.0507812 0.0460938 0.533203
1 0.620313 0.261719 0.053125 0.0476562 0.801758
1 0.621875 0.259766 0.0546875 0.05 0.749023
1 0.621875 0.262109 0.0484375 0.0453125 0.571777
1 0.620703 0.263281 0.0507812 0.046875 0.615234
1 0.620313 0.261328 0.0515625 0.0484375 0.941895
1 0.619531 0.262109 0.0484375 0.0515625 0.831543
1 0.619531 0.260156 0.053125 0.0507812 0.733398
1 0.620313 0.261328 0.0515625 0.0503906 0.76123
1 0.620313 0.259961 0.053125 0.0542969 0.755859
1 0.620313 0.260156 0.053125 0.0519531 0.797363
1 0.619531 0.260938 0.0546875 0.0507813 0.783203
1 0.61875 0.261328 0.053125 0.0476563 0.843262
1 0.61875 0.260547 0.0546875 0.0492187 0.856445
1 0.617969 0.260547 0.0585938 0.053125 0.849609
1 0.61875 0.258984 0.05625 0.0539063 0.882812
1 0.61875 0.25957 0.0585938 0.0535156 0.901367
1 0.619531 0.25957 0.0546875 0.0503906 0.848633
1 0.620313 0.260156 0.0546875 0.0515625 0.759766
1 0.621094 0.260352 0.05625 0.0519531 0.770996
1 0.621094 0.260156 0.0570313 0.0515625 0.787109
1 0.621484 0.25957 0.0546875 0.0507813 0.782227
1 0.620703 0.260156 0.0539063 0.0507812 0.719238
1 0.619531 0.262109 0.0546875 0.0515625 0.595703
1 0.619531 0.2625 0.0546875 0.0507813 0.683594
1 0.619531 0.262109 0.053125 0.0507812 0.625
1 0.620703 0.2625 0.0523438 0.05 0.587891
1 0.619531 0.261719 0.053125 0.0507812 0.60498
1 0.620313 0.260156 0.0546875 0.0515625 0.541992
1 0.620703 0.260547 0.0546875 0.0492187 0.566895
1 0.620313 0.259766 0.0546875 0.05 0.740723
1 0.621094 0.259961 0.053125 0.0503906 0.84668
1 0.620313 0.260547 0.053125 0.053125 0.884277
1 0.620313 0.260156 0.053125 0.0507812 0.848633
1 0.620313 0.258203 0.0546875 0.053125 0.855469
1 0.620313 0.258789 0.0546875 0.0511719 0.797363
1 0.620313 0.25918 0.0546875 0.0523438 0.775391
1 0.621094 0.258984 0.0546875 0.053125 0.862793
1 0.621094 0.258594 0.053125 0.0546875 0.714844
1 0.621094 0.258594 0.053125 0.0546875 0.664551
1 0.621094 0.259375 0.0523437 0.0546875 0.807617
1 0.621094 0.259766 0.0515625 0.053125 0.871094
1 0.620313 0.260156 0.0507812 0.0507812 0.835449
1 0.620703 0.259375 0.0507812 0.0492188 0.855957
1 0.620313 0.260547 0.053125 0.05 0.851074
1 0.621094 0.260742 0.053125 0.0511719 0.877441
1 0.621094 0.260547 0.0515625 0.05 0.875
1 0.620313 0.260742 0.0523437 0.0515625 0.774414
1 0.619531 0.260742 0.0515625 0.0511719 0.800781
1 0.619141 0.260547 0.0523437 0.0507813 0.897461
1 0.620313 0.260352 0.053125 0.0527344 0.855957
1 0.620313 0.259961 0.0515625 0.0511719 0.835449
1 0.621094 0.262305 0.053125 0.0515625 0.884277
1 0.621094 0.261523 0.053125 0.0519531 0.912598
1 0.619531 0.260547 0.0546875 0.0546875 0.912598
1 0.619531 0.260938 0.0546875 0.0546875 0.88623
1 0.619531 0.262109 0.053125 0.0523438 0.842773
1 0.61875 0.2625 0.053125 0.0515625 0.806641
1 0.619531 0.262109 0.0523437 0.053125 0.855957
1 0.620313 0.2625 0.0523437 0.0523438 0.892578
1 0.620313 0.262305 0.0546875 0.0527344 0.891113
1 0.621094 0.263477 0.053125 0.0519531 0.868164
1 0.619922 0.262305 0.0539063 0.0503906 0.817383
1 0.620313 0.261328 0.0554688 0.0527344 0.855957
1 0.620313 0.261328 0.053125 0.0507812 0.875
1 0.620313 0.260742 0.053125 0.0507812 0.86084
1 0.619531 0.260547 0.0523437 0.0539062 0.862305
1 0.619531 0.260352 0.053125 0.0535156 0.865234
1 0.620313 0.259766 0.0554688 0.0546875 0.873047
1 0.620313 0.260547 0.0539062 0.0539062 0.858887
1 0.619531 0.260156 0.053125 0.0546875 0.838867
1 0.619531 0.260156 0.0546875 0.0554688 0.805664
1 0.621094 0.260547 0.0546875 0.0539062 0.825684
1 0.620313 0.260156 0.0546875 0.0542969 0.887207
1 0.619531 0.260352 0.0546875 0.0542969 0.900391
1 0.619922 0.260156 0.053125 0.0539062 0.864258
1 0.620703 0.259766 0.0523438 0.053125 0.833496
1 0.621094 0.25918 0.053125 0.0542969 0.851074
1 0.621094 0.259766 0.053125 0.0546875 0.84082
1 0.621094 0.260938 0.053125 0.053125 0.825684
1 0.620313 0.260938 0.053125 0.053125 0.839844
1 0.620313 0.260547 0.053125 0.0515625 0.86084
1 0.620313 0.260938 0.053125 0.0515625 0.875
1 0.620313 0.260938 0.053125 0.0523437 0.871582
1 0.620313 0.261719 0.0515625 0.0515625 0.873047
1 0.619531 0.262109 0.0515625 0.05 0.864258
1 0.619922 0.262109 0.0515625 0.05 0.869629
1 0.620313 0.2625 0.053125 0.05 0.844727
1 0.620313 0.261133 0.0546875 0.0519531 0.856934
1 0.620313 0.261719 0.0539062 0.0523438 0.856934
1 0.620313 0.261328 0.053125 0.0539063 0.841797
1 0.619922 0.260938 0.0523438 0.0507813 0.847168
1 0.620313 0.261719 0.053125 0.05 0.880859
1 0.620703 0.261719 0.0523438 0.0492188 0.881836
1 0.621094 0.262109 0.053125 0.0492188 0.873047
1 0.621094 0.2625 0.053125 0.0492187 0.844727
1 0.620703 0.262109 0.053125 0.05 0.822266
1 0.620313 0.261328 0.053125 0.0507812 0.84082
1 0.620703 0.261328 0.053125 0.0507812 0.849121
1 0.620313 0.261133 0.053125 0.0515625 0.855957
1 0.620313 0.260156 0.053125 0.0519531 0.847168
1 0.620313 0.260742 0.053125 0.0511719 0.847168
1 0.619922 0.261328 0.053125 0.0539063 0.859863
1 0.619922 0.261328 0.0523438 0.0539063 0.867188
1 0.619531 0.261523 0.0515625 0.0527344 0.874023
1 0.620313 0.261719 0.0515625 0.0523438 0.862305
1 0.619531 0.260938 0.05 0.0503906 0.858887
1 0.619531 0.260938 0.05 0.05 0.859863
1 0.619531 0.261328 0.0515625 0.0523437 0.856934
1 0.619531 0.260938 0.053125 0.0515625 0.866211
1 0.619531 0.260938 0.053125 0.0503906 0.884277
1 0.619531 0.261719 0.053125 0.05 0.88623
1 0.620313 0.261719 0.053125 0.0507812 0.888672
1 0.620313 0.261328 0.053125 0.05 0.889648
1 0.619922 0.260938 0.0539063 0.05 0.885742
1 0.619922 0.260938 0.0539063 0.0503906 0.890137
1 0.619531 0.261133 0.053125 0.0503906 0.898438
1 0.619531 0.261328 0.053125 0.05 0.896973
1 0.619531 0.261719 0.0523437 0.05 0.892578
1 0.619922 0.261719 0.0523438 0.05 0.888672
1 0.620313 0.261914 0.0523437 0.05 0.885742
1 0.620703 0.262109 0.0523438 0.0492188 0.889648
1 0.620313 0.2625 0.0515625 0.0507813 0.889648
1 0.620313 0.262305 0.0515625 0.0515625 0.879883
1 0.620313 0.262109 0.0515625 0.0515625 0.869629
1 0.619531 0.261914 0.0515625 0.0515625 0.864258
1 0.619922 0.262109 0.0523438 0.0515625 0.863281
1 0.619922 0.262109 0.0523438 0.0515625 0.863281
1 0.620313 0.261719 0.053125 0.0492188 0.867188
1 0.620313 0.261719 0.053125 0.0492188 0.871582
1 0.620313 0.261914 0.053125 0.0492187 0.876465
1 0.620313 0.261914 0.0515625 0.0511719 0.873047
