0 0.360742 0.380078 0.167578 0.186719 0.567871
1 0.360742 0.380078 0.167578 0.186719 0.545898
0 0.354297 0.370508 0.170312 0.166797 0.759766
1 0.354297 0.371484 0.167187 0.167969 0.725098
0 0.355469 0.375879 0.166406 0.176367 0.669922
0 0.355859 0.366602 0.173438 0.187109 0.825195
1 0.355859 0.366602 0.173438 0.187109 0.693359
0 0.359766 0.373828 0.171875 0.174219 0.777344
1 0.359766 0.373828 0.171875 0.174219 0.746094
1 0.360156 0.372656 0.173438 0.175 0.76416
0 0.360156 0.372461 0.172656 0.173047 0.625977
1 0.359961 0.371484 0.166016 0.179688 0.580566
0 0.359961 0.371484 0.166016 0.179688 0.550781
0 0.35957 0.37207 0.176953 0.176172 0.740723
1 0.35957 0.37207 0.176953 0.176172 0.57959
0 0.363086 0.373438 0.168359 0.171094 0.577637
0 0.358008 0.373828 0.173828 0.172656 0.581543
0 0.357812 0.374609 0.175781 0.174219 0.651367
0 0.3625 0.372852 0.172656 0.174609 0.543945
1 0.3625 0.372852 0.172656 0.174609 0.539062
1 0.360742 0.375391 0.173047 0.177344 0.50293
1 0.358594 0.372656 0.170312 0.175 0.608398
1 0.357227 0.37168 0.176172 0.175391 0.546875
1 0.357422 0.373047 0.177344 0.171094 0.667969
1 0.359961 0.37168 0.172266 0.176172 0.591797
0 0.358398 0.374219 0.172266 0.175 0.529297
1 0.358203 0.373047 0.167187 0.169531 0.557129
1 0.357617 0.373438 0.170703 0.172656 0.685059
1 0.356445 0.375781 0.171484 0.175781 0.857422
1 0.356641 0.374609 0.169531 0.177344 0.897949
1 0.358203 0.374023 0.170312 0.176172 0.930176
1 0.363672 0.371484 0.182031 0.177344 0.918457
1 0.361523 0.372461 0.175391 0.175391 0.891602
1 0.360156 0.37207 0.16875 0.174609 0.824219
1 0.357813 0.372656 0.169531 0.174219 0.668945
1 0.357813 0.373242 0.173438 0.174609 0.723145
1 0.357813 0.373047 0.172656 0.172656 0.862793
1 0.356641 0.373438 0.173438 0.175 0.845215
1 0.357812 0.372852 0.167969 0.175391 0.786133
1 0.359766 0.371289 0.174219 0.173828 0.558105
1 0.358008 0.373047 0.170703 0.173438 0.712402
1 0.358008 0.373047 0.169922 0.174219 0.814453
1 0.358984 0.37168 0.174219 0.169141 0.895996
1 0.357422 0.372461 0.173438 0.176953 0.835938
1 0.357422 0.371094 0.171875 0.176562 0.890625
1 0.357422 0.371875 0.171094 0.176563 0.897461
1 0.358984 0.372266 0.171875 0.174219 0.866699
1 0.357227 0.374414 0.172266 0.173047 0.857422
1 0.358398 0.374219 0.173047 0.171875 0.932129
1 0.357422 0.372656 0.173438 0.176562 0.935059
1 0.359375 0.372266 0.169531 0.178906 0.851562
1 0.359766 0.372656 0.169531 0.177344 0.806641
1 0.360156 0.369922 0.175 0.176563 0.827637
1 0.359375 0.370703 0.178125 0.178906 0.834473
1 0.361719 0.37168 0.174219 0.174609 0.754883
1 0.358594 0.373242 0.167188 0.175391 0.548828
1 0.358984 0.37207 0.166406 0.171484 0.794922
1 0.357813 0.372656 0.16875 0.175781 0.858887
1 0.355859 0.371289 0.173438 0.173828 0.795898
1 0.357031 0.37168 0.176562 0.176953 0.809082
1 0.356641 0.371289 0.173438 0.174609 0.869629
1 0.358789 0.370313 0.173047 0.169531 0.925781
1 0.357813 0.371484 0.174219 0.174219 0.906738
1 0.357031 0.373438 0.176562 0.173438 0.778809
1 0.35625 0.374023 0.179688 0.172266 0.728516
1 0.357617 0.372266 0.174609 0.169531 0.808105
1 0.358789 0.372461 0.173047 0.169141 0.883301
1 0.359766 0.373242 0.173438 0.170703 0.911133
1 0.360156 0.372656 0.174219 0.173437 0.912598
1 0.358008 0.37168 0.171484 0.173047 0.918945
1 0.360156 0.37168 0.176563 0.170703 0.918945
1 0.357031 0.37168 0.174219 0.175391 0.943359
1 0.359375 0.371484 0.173438 0.177344 0.916016
1 0.360547 0.37207 0.174219 0.175391 0.968262
1 0.361328 0.372852 0.172656 0.173047 0.966309
1 0.360156 0.372266 0.175 0.171875 0.95459
1 0.359375 0.372461 0.173438 0.175391 0.935547
1 0.358984 0.372852 0.171094 0.170703 0.957031
1 0.358984 0.372266 0.170313 0.172656 0.969727
1 0.360156 0.372852 0.171094 0.172266 0.95752
1 0.358984 0.370703 0.174219 0.173437 0.936523
1 0.358984 0.370898 0.175 0.170703 0.931641
1 0.360352 0.372266 0.176172 0.172656 0.94043
1 0.360938 0.372266 0.175 0.174219 0.95459
1 0.362305 0.370313 0.173828 0.178125 0.94873
1 0.361328 0.369922 0.177344 0.178906 0.939453
1 0.359766 0.371094 0.171875 0.170312 0.933105
1 0.358984 0.370898 0.175 0.171484 0.933594
1 0.35918 0.371289 0.177734 0.173047 0.930664
1 0.358203 0.373438 0.177344 0.174219 0.931641
1 0.358984 0.372266 0.178125 0.171094 0.94043
1 0.359375 0.372656 0.173438 0.170313 0.932617
1 0.359961 0.372656 0.174609 0.171875 0.92627
1 0.357813 0.373633 0.170312 0.174609 0.929199
1 0.358008 0.372266 0.169922 0.173438 0.944824
1 0.356641 0.373242 0.170312 0.172266 0.964844
1 0.357617 0.372656 0.169141 0.170313 0.957031
1 0.357813 0.373438 0.167187 0.175 0.935547
1 0.359375 0.372461 0.167188 0.176172 0.941406
1 0.358594 0.371289 0.174219 0.173047 0.946777
1 0.357422 0.372266 0.171875 0.175 0.924805
1 0.360352 0.372852 0.176172 0.174609 0.930664
1 0.358984 0.371875 0.172656 0.171875 0.940918
1 0.360547 0.371094 0.172656 0.171875 0.890137
1 0.359375 0.371484 0.170312 0.170312 0.864746
1 0.360156 0.373047 0.169531 0.173438 0.931152
1 0.360156 0.372266 0.167969 0.173438 0.94873
1 0.357227 0.370898 0.170703 0.171484 0.943359
1 0.358008 0.370898 0.169922 0.172266 0.938477
1 0.35918 0.371484 0.166016 0.174219 0.946289
1 0.358203 0.371875 0.167969 0.174219 0.945801
1 0.360156 0.371484 0.169531 0.175781 0.956055
1 0.359961 0.372266 0.166016 0.175 0.949219
1 0.358984 0.372852 0.172656 0.174609 0.935059
1 0.359766 0.373047 0.171094 0.174219 0.943848
1 0.35918 0.372852 0.173047 0.175391 0.943848
1 0.3625 0.372266 0.171875 0.176562 0.946777
1 0.360156 0.372656 0.170312 0.176562 0.95752
1 0.360938 0.371484 0.175781 0.177344 0.945801
1 0.361328 0.371094 0.174219 0.177344 0.944336
1 0.360352 0.370703 0.173047 0.176562 0.949707
1 0.360547 0.371289 0.171094 0.176953 0.952148
1 0.360156 0.372266 0.16875 0.176562 0.961914
1 0.359766 0.372852 0.16875 0.175391 0.961914
1 0.35918 0.372852 0.169922 0.173828 0.961426
1 0.359375 0.372656 0.170312 0.175 0.95752
1 0.35957 0.372266 0.171484 0.176562 0.938477
1 0.359961 0.372656 0.174609 0.174219 0.942871
1 0.359375 0.372266 0.171094 0.174219 0.947754
1 0.359375 0.373242 0.169531 0.174609 0.958008
1 0.359375 0.372852 0.171094 0.175391 0.961914
1 0.359766 0.37207 0.172656 0.176953 0.963867
1 0.359961 0.372266 0.172266 0.174219 0.962891
1 0.359766 0.37168 0.172656 0.174609 0.955566
1 0.360938 0.371875 0.171875 0.174219 0.961914
1 0.360156 0.37207 0.171094 0.174609 0.952637
1 0.360742 0.371875 0.172266 0.174219 0.953125
1 0.361523 0.37207 0.170703 0.175391 0.967773
1 0.362109 0.371875 0.172656 0.175781 0.966797
1 0.360742 0.371484 0.174609 0.177344 0.950195
1 0.360547 0.372461 0.170312 0.176172 0.928711
1 0.360742 0.37207 0.170703 0.175391 0.93457
1 0.360547 0.372461 0.171875 0.175391 0.957031
1 0.361719 0.37207 0.172656 0.174609 0.96582
1 0.361719 0.371875 0.171094 0.173438 0.958008
1 0.360547 0.372656 0.171094 0.174219 0.949219
1 0.360156 0.372656 0.171094 0.175 0.950195
1 0.35957 0.372461 0.172266 0.173828 0.964355
1 0.360156 0.372656 0.173438 0.173437 0.969238
1 0.360547 0.373047 0.172656 0.175 0.960449
1 0.360156 0.373047 0.172656 0.174219 0.944824
1 0.359961 0.373047 0.173828 0.174219 0.9375
1 0.359375 0.372461 0.173438 0.173828 0.942871
1 0.358594 0.371094 0.173438 0.171094 0.960449
1 0.35918 0.371289 0.172266 0.172266 0.966309
1 0.358984 0.370898 0.170313 0.173047 0.961914
1 0.358594 0.370703 0.16875 0.172656 0.958984
1 0.358594 0.372461 0.170312 0.175391 0.956055
1 0.359766 0.372656 0.172656 0.175781 0.954102
1 0.35957 0.372266 0.171484 0.175 0.958008
1 0.359375 0.37207 0.169531 0.174609 0.961426
1 0.359766 0.372266 0.170312 0.175781 0.958008
1 0.359766 0.371875 0.170312 0.175 0.95752
1 0.359766 0.371484 0.171094 0.174219 0.95752
1 0.359766 0.371875 0.171875 0.175 0.954102
1 0.359961 0.372266 0.171484 0.175781 0.955566
1 0.359961 0.372266 0.170703 0.175 0.958008
1 0.360156 0.37207 0.171875 0.173828 0.961914
1 0.360547 0.37207 0.172656 0.173828 0.96582
1 0.360547 0.372266 0.172656 0.174219 0.967773
1 0.360547 0.372266 0.172656 0.174219 0.966797
1 0.360156 0.372266 0.171875 0.173438 0.966309
1 0.359961 0.372266 0.172266 0.174219 0.963379
1 0.359961 0.372461 0.171484 0.174609 0.967285
1 0.359961 0.372266 0.171484 0.174219 0.964355
1 0.360156 0.372266 0.171875 0.174219 0.959961
1 0.359766 0.371875 0.172656 0.174219 0.956055
1 0.359766 0.371875 0.171875 0.173438 0.954102
1 0.358984 0.371484 0.172656 0.170312 0.956543
1 0.358984 0.37168 0.172656 0.170703 0.959473
1 0.358984 0.37168 0.172656 0.170703 0.961426
1 0.358789 0.37168 0.172266 0.170703 0.961914
1 0.358984 0.37168 0.172656 0.170703 0.961914
1 0.358789 0.37168 0.172266 0.170703 0.963379
1 0.361523 0.37207 0.170703 0.175391 0.967773
