0 0.291797 0.371094 0.189063 0.114062 0.545898
0 0.291602 0.371875 0.193359 0.114844 0.614258
0 0.29375 0.38584 0.191406 0.136133 0.552734
1 0.29375 0.38584 0.191406 0.136133 0.510742
1 0.350195 0.411328 0.0761719 0.06875 0.503906
1 0.351562 0.406934 0.0796875 0.0814453 0.546875
1 0.281055 0.363672 0.176563 0.101562 0.541992
1 0.294141 0.38125 0.186719 0.132812 0.597168
1 0.351953 0.408984 0.0773437 0.0734375 0.6875
1 0.29668 0.372266 0.187891 0.119531 0.581543
1 0.291211 0.382422 0.192578 0.134375 0.511719
1 0.35 0.407813 0.0734375 0.0765625 0.892578
1 0.348437 0.384766 0.0789063 0.124219 0.589844
1 0.292578 0.385156 0.189062 0.129688 0.505859
1 0.350781 0.40625 0.0742188 0.0804687 0.607422
1 0.294141 0.380371 0.189062 0.13457 0.556641
1 0.294141 0.383203 0.189062 0.132031 0.695312
1 0.350195 0.406152 0.0738281 0.0798828 0.544922
1 0.296289 0.381348 0.179297 0.135742 0.702637
1 0.351367 0.40791 0.0730469 0.0763672 0.6875
1 0.296484 0.382031 0.178906 0.139062 0.859863
1 0.334766 0.379687 0.102344 0.138281 0.853027
1 0.351758 0.408984 0.0738281 0.0757813 0.747559
1 0.29668 0.383691 0.178516 0.132617 0.847168
1 0.351758 0.40625 0.0746094 0.0820312 0.618652
1 0.297852 0.384375 0.177734 0.127344 0.755859
1 0.299219 0.38125 0.175 0.130469 0.747559
1 0.298438 0.382812 0.179688 0.129687 0.737793
1 0.301563 0.383691 0.176563 0.132617 0.770996
1 0.30293 0.383691 0.171484 0.132617 0.873535
1 0.297461 0.384473 0.184766 0.137305 0.870117
1 0.287109 0.364062 0.185156 0.0953125 0.530273
1 0.306055 0.386035 0.163672 0.135742 0.740234
1 0.285937 0.364844 0.169141 0.0945312 0.660156
1 0.302148 0.383691 0.178516 0.13418 0.689941
1 0.296094 0.365625 0.188281 0.101562 0.614258
1 0.301563 0.386621 0.175781 0.12832 0.656738
1 0.296875 0.380566 0.1875 0.131055 0.632324
1 0.308398 0.383984 0.166797 0.129687 0.728027
1 0.349219 0.406348 0.0835937 0.0826172 0.542969
1 0.308008 0.384375 0.160547 0.13125 0.658203
1 0.300977 0.383984 0.173828 0.135938 0.791016
1 0.292773 0.386816 0.188672 0.138867 0.799316
1 0.291406 0.386035 0.192188 0.14043 0.794434
1 0.291406 0.388281 0.198437 0.142187 0.785156
1 0.292578 0.384375 0.197656 0.133594 0.828613
1 0.349023 0.411035 0.0761719 0.0763672 0.517578
1 0.294922 0.383594 0.189844 0.127344 0.820312
1 0.349219 0.410156 0.0742188 0.0765625 0.598145
1 0.292969 0.383984 0.192969 0.126563 0.770508
1 0.291406 0.384473 0.19375 0.129492 0.716797
1 0.293555 0.383691 0.189453 0.129492 0.796387
1 0.295312 0.382422 0.185938 0.132812 0.836426
1 0.295703 0.382129 0.185156 0.129492 0.773926
1 0.292969 0.382031 0.189063 0.132812 0.661133
1 0.294336 0.38125 0.187891 0.130469 0.73584
1 0.296289 0.383203 0.180859 0.135937 0.803223
1 0.292578 0.382422 0.188281 0.132812 0.76709
1 0.349219 0.405469 0.078125 0.0828125 0.849609
1 0.294336 0.382715 0.189453 0.136133 0.741699
1 0.295313 0.382422 0.189063 0.132031 0.803223
1 0.291016 0.364453 0.192969 0.0945312 0.653809
1 0.294727 0.383203 0.191016 0.135156 0.808105
1 0.349609 0.408496 0.0796875 0.0798828 0.555664
1 0.293945 0.386328 0.191797 0.13125 0.760742
1 0.292383 0.387109 0.194141 0.130469 0.816406
1 0.295313 0.384766 0.188281 0.130469 0.796387
1 0.351562 0.407129 0.0773438 0.0810547 0.60498
1 0.350781 0.405469 0.0773438 0.0828125 0.724121
1 0.295313 0.385938 0.188281 0.127344 0.705566
1 0.333203 0.389844 0.1125 0.117188 0.537109
1 0.291016 0.386719 0.192969 0.129687 0.805664
1 0.35 0.407129 0.0773437 0.0826172 0.634277
1 0.29043 0.385254 0.194141 0.132617 0.829102
1 0.29043 0.383984 0.195703 0.132812 0.796875
1 0.349219 0.406934 0.078125 0.0830078 0.582031
1 0.294141 0.384766 0.189844 0.130469 0.833984
1 0.349805 0.407031 0.0777344 0.0820312 0.522461
1 0.292969 0.385547 0.190625 0.132031 0.87793
1 0.293945 0.383984 0.191016 0.13125 0.815918
1 0.293555 0.382812 0.191016 0.132812 0.888184
1 0.296289 0.382031 0.186328 0.132812 0.904297
1 0.297461 0.382422 0.183984 0.13125 0.903809
1 0.349219 0.40625 0.0765625 0.08125 0.512695
1 0.297656 0.383594 0.182812 0.133594 0.852539
1 0.348633 0.406152 0.0785156 0.0830078 0.564941
1 0.29707 0.384766 0.186328 0.128906 0.891602
1 0.295703 0.383984 0.188281 0.132812 0.912109
1 0.292578 0.383203 0.19375 0.130469 0.84668
1 0.289844 0.386035 0.200781 0.135742 0.833008
1 0.29082 0.385059 0.200391 0.137695 0.853516
1 0.290234 0.385547 0.198438 0.134375 0.867676
1 0.289844 0.38584 0.201562 0.13457 0.894531
1 0.290234 0.385156 0.2 0.134375 0.873535
1 0.290234 0.382031 0.196875 0.13125 0.907715
1 0.291797 0.382812 0.192188 0.128125 0.925293
1 0.291797 0.382129 0.19375 0.129492 0.916992
1 0.292188 0.382031 0.194531 0.130469 0.885254
1 0.290039 0.382031 0.196484 0.132812 0.87207
1 0.29043 0.380859 0.195703 0.132812 0.880371
1 0.29375 0.383203 0.1875 0.133594 0.881836
1 0.292969 0.383203 0.189063 0.133594 0.880371
1 0.290234 0.384473 0.191406 0.135742 0.864746
1 0.291797 0.383984 0.189844 0.135938 0.894531
1 0.29043 0.385254 0.192578 0.135742 0.898926
1 0.291602 0.383594 0.192578 0.133594 0.881348
1 0.291406 0.382812 0.191406 0.13125 0.851562
1 0.291992 0.383594 0.191016 0.136719 0.864746
1 0.292578 0.382812 0.200781 0.132812 0.861816
1 0.291016 0.383203 0.200781 0.132031 0.822754
1 0.291602 0.383594 0.201953 0.134375 0.835938
1 0.291016 0.381934 0.194531 0.13457 0.871094
1 0.291406 0.38125 0.195312 0.135156 0.869141
1 0.29043 0.381152 0.194141 0.133008 0.835938
1 0.290625 0.382812 0.196875 0.133594 0.820312
1 0.292578 0.381152 0.192969 0.129883 0.854492
1 0.291016 0.382422 0.194531 0.130469 0.848633
1 0.291406 0.382812 0.194531 0.128906 0.831543
1 0.291211 0.383203 0.194141 0.129688 0.821777
1 0.288672 0.384473 0.199219 0.129492 0.797363
1 0.290234 0.381641 0.202344 0.130469 0.854492
1 0.289844 0.382812 0.200781 0.129687 0.84668
1 0.290625 0.38125 0.196875 0.13125 0.85498
1 0.291797 0.381641 0.194531 0.132812 0.887207
1 0.291016 0.382422 0.19375 0.13125 0.894043
1 0.289844 0.383203 0.198437 0.132812 0.881836
1 0.288672 0.384375 0.198438 0.128125 0.876465
1 0.288867 0.384375 0.199609 0.129687 0.84375
1 0.288867 0.383203 0.194922 0.130469 0.84082
1 0.287891 0.382422 0.196875 0.133594 0.850098
1 0.288086 0.38125 0.198047 0.130469 0.863281
1 0.289648 0.382812 0.197266 0.13125 0.866211
1 0.290625 0.382031 0.19375 0.128906 0.883301
1 0.289648 0.383203 0.194141 0.127344 0.887207
1 0.289453 0.382422 0.19375 0.130469 0.891113
1 0.289648 0.382031 0.194141 0.132031 0.861328
1 0.288672 0.384766 0.198438 0.13125 0.836426
1 0.290625 0.382715 0.19375 0.129883 0.835449
1 0.289453 0.383594 0.194531 0.130469 0.85498
1 0.288477 0.383984 0.196484 0.13125 0.872559
1 0.288281 0.382812 0.197656 0.132812 0.888184
1 0.288867 0.382422 0.197266 0.128906 0.887207
1 0.289062 0.380859 0.198437 0.130469 0.897461
1 0.289844 0.381934 0.198437 0.12832 0.906738
1 0.288672 0.383203 0.198438 0.127344 0.903809
1 0.288672 0.382812 0.199219 0.127344 0.911133
1 0.289062 0.38291 0.199219 0.129492 0.927246
1 0.289062 0.38291 0.200781 0.129492 0.922363
1 0.288672 0.382422 0.199219 0.130469 0.884277
1 0.289062 0.383203 0.199219 0.13125 0.85498
1 0.288672 0.381641 0.2 0.128906 0.85791
1 0.289062 0.382422 0.2 0.130469 0.898926
1 0.289648 0.382031 0.198828 0.13125 0.919434
1 0.289453 0.381934 0.197656 0.129883 0.905762
1 0.29043 0.38291 0.197266 0.131055 0.872559
1 0.291992 0.382031 0.194141 0.130469 0.875
1 0.292773 0.381152 0.192578 0.129883 0.913574
1 0.293359 0.382031 0.192188 0.129687 0.924805
1 0.292383 0.384375 0.192578 0.134375 0.906738
1 0.292188 0.382422 0.191406 0.13125 0.882324
1 0.291016 0.384375 0.195312 0.132031 0.875
1 0.290625 0.384375 0.194531 0.132031 0.884766
1 0.289844 0.383691 0.195313 0.132617 0.915527
1 0.289648 0.385059 0.196484 0.133008 0.927734
1 0.289844 0.382715 0.195313 0.131445 0.921387
1 0.289453 0.382812 0.19375 0.130469 0.917969
1 0.289453 0.382715 0.194531 0.129883 0.908691
1 0.290234 0.382812 0.196875 0.13125 0.904785
1 0.289062 0.382031 0.196875 0.130469 0.905273
1 0.289844 0.38125 0.194531 0.129688 0.916504
1 0.291406 0.382812 0.19375 0.132812 0.913574
1 0.290039 0.383203 0.196484 0.133594 0.911133
1 0.289844 0.382422 0.197656 0.13125 0.918945
1 0.290234 0.382715 0.198438 0.133008 0.92041
1 0.290234 0.383594 0.197656 0.135156 0.922363
1 0.290234 0.383984 0.196875 0.135156 0.922852
1 0.289844 0.384473 0.196875 0.13418 0.927246
1 0.290039 0.384375 0.197266 0.134375 0.934082
1 0.290234 0.383984 0.197656 0.134375 0.936523
1 0.290625 0.383984 0.196875 0.133594 0.932617
1 0.29043 0.384277 0.196484 0.133008 0.926758
1 0.290625 0.383984 0.196094 0.134375 0.922363
1 0.29082 0.383984 0.195703 0.135156 0.927734
1 0.291016 0.384375 0.195312 0.135156 0.922852
1 0.292188 0.383594 0.19375 0.132812 0.921387
1 0.291992 0.383496 0.194141 0.133008 0.919434
1 0.291602 0.383203 0.193359 0.132031 0.918457
1 0.291797 0.382715 0.192969 0.131445 0.921387
1 0.291016 0.381934 0.194531 0.131445 0.92627
1 0.291016 0.381641 0.194531 0.132031 0.931152
1 0.291211 0.381152 0.194922 0.131445 0.933594
1 0.291211 0.381152 0.194922 0.131445 0.93457
1 0.291406 0.381641 0.194531 0.13125 0.936523
1 0.289062 0.38291 0.199219 0.129492 0.927246
