1 0.669531 0.370313 0.053125 0.0507812 0.570801
1 0.669141 0.373438 0.0492188 0.0515625 0.867188
0 0.671094 0.378125 0.0546875 0.0484375 0.72168
1 0.671094 0.374219 0.046875 0.0523438 0.623535
1 0.669531 0.375781 0.0515625 0.0523438 0.560059
1 0.670313 0.373828 0.05 0.05 0.691895
0 0.671094 0.374219 0.053125 0.0476562 0.516602
1 0.669922 0.371875 0.0507812 0.0484375 0.515625
1 0.670313 0.374609 0.0507812 0.046875 0.572754
1 0.670703 0.374023 0.053125 0.0488281 0.550781
1 0.669531 0.374219 0.053125 0.0507812 0.566895
1 0.671094 0.373047 0.05 0.0484375 0.537109
1 0.671094 0.372656 0.0515625 0.05 0.592773
1 0.669531 0.373047 0.053125 0.0507812 0.599121
0 0.670313 0.371094 0.0515625 0.0484375 0.545898
1 0.671875 0.374023 0.0570313 0.0503906 0.625977
0 0.670703 0.373047 0.0515625 0.0492187 0.643555
1 0.671484 0.372656 0.0546875 0.0476562 0.605957
0 0.671094 0.37207 0.053125 0.0488281 0.591797
1 0.670313 0.375 0.0523437 0.0507812 0.75293
1 0.671875 0.373828 0.0523437 0.05 0.810059
0 0.671875 0.373828 0.0523437 0.05 0.541992
1 0.671094 0.373828 0.0523437 0.0484375 0.65918
1 0.672656 0.371875 0.053125 0.053125 0.687012
1 0.671094 0.373047 0.0515625 0.0460938 0.883301
1 0.672266 0.358203 0.0554687 0.0789063 0.656738
1 0.671094 0.373242 0.053125 0.0472656 0.611328
1 0.671094 0.374414 0.053125 0.0496094 0.723145
1 0.670703 0.372656 0.0515625 0.0492188 0.73584
0 0.670703 0.373242 0.0539063 0.0488281 0.824219
1 0.670703 0.373242 0.0539063 0.0488281 0.535156
1 0.671875 0.373438 0.0515625 0.0476563 0.89502
1 0.669531 0.373047 0.053125 0.0460938 0.861328
0 0.669531 0.373438 0.05 0.0445313 0.559082
1 0.670703 0.372656 0.0546875 0.0476562 0.619629
1 0.669531 0.372266 0.0515625 0.046875 0.601074
1 0.670313 0.372656 0.053125 0.0523437 0.737793
1 0.66875 0.373047 0.0492187 0.0484375 0.587891
1 0.669531 0.373828 0.0515625 0.0484375 0.585938
1 0.669922 0.373437 0.0507812 0.046875 0.887695
1 0.670703 0.374023 0.0515625 0.0464844 0.849121
1 0.669531 0.374609 0.05 0.0484375 0.749023
1 0.669531 0.372461 0.05 0.0464844 0.811523
1 0.669531 0.373828 0.05 0.0476563 0.577637
1 0.670313 0.373047 0.0515625 0.0484375 0.883301
1 0.670313 0.374219 0.0515625 0.05 0.631836
0 0.669922 0.373828 0.053125 0.0492187 0.577637
1 0.670703 0.374219 0.053125 0.0492187 0.620605
0 0.669531 0.373438 0.05 0.0460937 0.542969
1 0.670313 0.374414 0.053125 0.0503906 0.658203
1 0.670313 0.373633 0.053125 0.0535156 0.604004
1 0.671094 0.375391 0.053125 0.0484375 0.754883
1 0.670703 0.372461 0.0539063 0.0480469 0.741699
1 0.670313 0.373828 0.053125 0.0507812 0.727051
1 0.669531 0.373438 0.053125 0.05 0.70166
1 0.669922 0.373828 0.0523437 0.05 0.895996
1 0.669531 0.372852 0.0515625 0.0488281 0.826172
1 0.669531 0.374414 0.05 0.0480469 0.82373
1 0.669531 0.374609 0.05 0.0492188 0.87207
1 0.670313 0.372656 0.05 0.0507812 0.844238
1 0.670313 0.372656 0.053125 0.0515625 0.669922
1 0.670703 0.373437 0.053125 0.0507812 0.599121
1 0.670313 0.373047 0.053125 0.0507812 0.833984
1 0.670313 0.373828 0.053125 0.0507812 0.784668
1 0.669922 0.373633 0.0523437 0.0519531 0.82959
1 0.670313 0.374609 0.053125 0.0523437 0.902832
1 0.670313 0.374219 0.053125 0.0484375 0.655762
1 0.670313 0.374219 0.053125 0.0492187 0.835938
1 0.671094 0.374609 0.0546875 0.05 0.601074
1 0.670313 0.374609 0.053125 0.0515625 0.632324
1 0.671094 0.374219 0.0546875 0.05 0.70166
1 0.669531 0.375 0.053125 0.0507812 0.762695
1 0.670313 0.374219 0.053125 0.0492187 0.744141
1 0.670313 0.373438 0.0515625 0.05 0.559082
0 0.670703 0.373438 0.0523438 0.0476563 0.907227
0 0.670313 0.373633 0.0523437 0.0472656 0.666504
1 0.670703 0.373828 0.0539063 0.0460937 0.650391
1 0.671875 0.373633 0.053125 0.0496094 0.821777
0 0.670313 0.374023 0.0515625 0.0472656 0.784668
0 0.670313 0.372266 0.0523437 0.0476562 0.695312
1 0.670313 0.372266 0.0523437 0.0476562 0.616211
1 0.670313 0.372461 0.0515625 0.0464844 0.794922
0 0.670313 0.372461 0.0515625 0.0464844 0.591797
1 0.669531 0.374219 0.053125 0.0492187 0.811035
1 0.669531 0.373047 0.0515625 0.0492187 0.641602
1 0.669922 0.371875 0.0523437 0.05 0.88916
1 0.670313 0.37207 0.0515625 0.0480469 0.874512
1 0.670313 0.373633 0.0515625 0.0496094 0.815918
1 0.670313 0.373438 0.053125 0.0492187 0.819336
1 0.670313 0.373828 0.0515625 0.05 0.742188
1 0.669922 0.373047 0.0507812 0.05 0.578613
0 0.670313 0.373047 0.0515625 0.05 0.508789
0 0.670313 0.374023 0.0515625 0.0488281 0.847656
0 0.670703 0.373438 0.0507812 0.0492187 0.799316
0 0.669531 0.372852 0.05 0.0488281 0.864258
0 0.670313 0.372266 0.0515625 0.0484375 0.921387
0 0.669922 0.373438 0.0515625 0.0476563 0.743164
0 0.670313 0.373828 0.0515625 0.0492187 0.513672
0 0.670313 0.373633 0.053125 0.0503906 0.775879
0 0.669141 0.373438 0.0507812 0.05 0.877441
1 0.669531 0.373437 0.0515625 0.0507812 0.865234
1 0.669141 0.374219 0.0515625 0.0523438 0.827637
0 0.670313 0.374219 0.0515625 0.0523438 0.558105
0 0.670313 0.373828 0.05 0.05 0.649414
1 0.669531 0.373438 0.05 0.0484375 0.747559
1 0.669531 0.373047 0.0515625 0.05 0.916016
1 0.670313 0.373438 0.053125 0.0515625 0.788086
0 0.671094 0.374219 0.0515625 0.0507812 0.600098
1 0.669531 0.373438 0.0507812 0.0515625 0.789062
1 0.670313 0.373633 0.0507812 0.0511719 0.675781
0 0.670313 0.373828 0.0515625 0.0507812 0.741699
0 0.671094 0.372656 0.0515625 0.05 0.695801
0 0.671094 0.373633 0.0515625 0.0488281 0.78418
1 0.669531 0.373633 0.0515625 0.0511719 0.82666
1 0.669922 0.373242 0.0523437 0.0519531 0.859863
0 0.670313 0.373828 0.0515625 0.0484375 0.790527
0 0.670703 0.374023 0.0546875 0.0488281 0.649414
1 0.669531 0.373828 0.0515625 0.05 0.505859
0 0.670313 0.374023 0.053125 0.0511719 0.686035
0 0.670313 0.374023 0.053125 0.0503906 0.753418
0 0.670313 0.373437 0.053125 0.0507812 0.791992
0 0.669531 0.373828 0.0515625 0.05 0.830078
1 0.669531 0.373828 0.0515625 0.05 0.656738
1 0.669531 0.374023 0.0515625 0.0503906 0.773438
1 0.670313 0.374219 0.053125 0.0492187 0.805664
1 0.670703 0.373437 0.0539063 0.0507812 0.749023
1 0.670703 0.373437 0.0539063 0.0507812 0.673828
0 0.670313 0.374219 0.0523437 0.05 0.785156
0 0.670313 0.374609 0.0515625 0.0484375 0.757812
0 0.670313 0.373438 0.0515625 0.0492187 0.507812
0 0.671094 0.373633 0.0523437 0.0511719 0.647949
0 0.671094 0.374609 0.053125 0.0507812 0.766113
0 0.670313 0.374219 0.053125 0.0515625 0.712402
1 0.669531 0.374219 0.05 0.0507812 0.620605
1 0.669922 0.373828 0.0507812 0.05 0.805664
0 0.669531 0.373438 0.0515625 0.05 0.542969
0 0.670313 0.374023 0.0523437 0.0503906 0.629883
0 0.670703 0.373438 0.053125 0.0492187 0.577637
0 0.670703 0.373828 0.053125 0.05 0.640625
0 0.670313 0.373828 0.053125 0.05 0.769043
0 0.670313 0.373633 0.0515625 0.0488281 0.805664
0 0.670313 0.373828 0.0523437 0.0492187 0.848145
0 0.670313 0.373438 0.0515625 0.0492187 0.855957
0 0.670313 0.373438 0.0523437 0.05 0.749023
0 0.670313 0.373828 0.053125 0.05 0.605957
0 0.670313 0.374023 0.0523437 0.0503906 0.71875
0 0.670313 0.373633 0.0515625 0.0496094 0.705566
1 0.670313 0.373828 0.053125 0.05 0.690918
1 0.670313 0.373828 0.053125 0.0507812 0.81543
1 0.670313 0.373438 0.053125 0.0492187 0.819824
1 0.670703 0.373633 0.053125 0.0496094 0.757812
1 0.670313 0.373828 0.053125 0.0492187 0.569824
0 0.670313 0.374023 0.0523437 0.0488281 0.660156
0 0.670313 0.374023 0.0515625 0.0488281 0.774414
0 0.670313 0.373828 0.0523437 0.0492187 0.747559
0 0.670313 0.373438 0.0507812 0.0484375 0.615234
1 0.670313 0.373828 0.0515625 0.0507812 0.649414
1 0.670313 0.373437 0.0515625 0.0507812 0.740234
1 0.669531 0.373047 0.0515625 0.0492187 0.792969
1 0.669922 0.373242 0.0523437 0.0496094 0.794434
1 0.669922 0.373438 0.0523437 0.05 0.816406
1 0.670313 0.373047 0.0515625 0.0492187 0.82666
1 0.670313 0.373047 0.0515625 0.0484375 0.78418
1 0.670313 0.373047 0.0515625 0.0492187 0.70752
1 0.669922 0.373047 0.0515625 0.05 0.675781
1 0.669922 0.373047 0.0515625 0.05 0.771973
1 0.669922 0.373438 0.0507812 0.0492187 0.813965
1 0.670313 0.373828 0.0515625 0.0492187 0.782715
1 0.670313 0.373828 0.0507812 0.0492187 0.625977
1 0.669922 0.374023 0.0515625 0.0496094 0.577637
1 0.669922 0.374219 0.0515625 0.05 0.569824
1 0.669922 0.374219 0.0523437 0.05 0.618652
1 0.669531 0.374023 0.0515625 0.0503906 0.633301
1 0.669531 0.373828 0.0515625 0.0507812 0.645996
1 0.669531 0.373828 0.0515625 0.0507812 0.620605
1 0.669531 0.373828 0.0515625 0.0507812 0.602051
1 0.669531 0.373828 0.0515625 0.0507812 0.618652
1 0.669531 0.373828 0.0515625 0.0507812 0.638672
1 0.669531 0.373828 0.0515625 0.0507812 0.638672
1 0.669531 0.374219 0.05 0.0507812 0.620605
