1 0.477246 0.625 0.254883 0.35 0.532227
1 0.237305 0.4 0.274609 0.3 0.516602
1 0.385254 0.342187 0.0998047 0.078125 0.786133
0 0.385254 0.342187 0.0998047 0.078125 0.726562
0 0.386328 0.344727 0.0992187 0.0839844 0.669922
1 0.384473 0.34375 0.0982422 0.0851563 0.52832
0 0.385938 0.344922 0.09375 0.0742188 0.635254
1 0.385938 0.344922 0.09375 0.0742188 0.622559
0 0.386816 0.342188 0.106055 0.0804687 0.503906
0 0.384277 0.341211 0.0923828 0.0691406 0.698242
0 0.381934 0.340234 0.100195 0.075 0.749023
0 0.384277 0.342187 0.0892578 0.0742188 0.563965
0 0.383594 0.341992 0.0992188 0.0785156 0.60498
0 0.384375 0.341016 0.102344 0.0828125 0.632324
0 0.386035 0.341016 0.101367 0.0875 0.588867
1 0.384766 0.34082 0.104688 0.0855469 0.562988
0 0.384766 0.342969 0.103125 0.0804687 0.53418
1 0.383594 0.34375 0.104687 0.0867187 0.507812
1 0.385938 0.340039 0.108594 0.0824219 0.569824
1 0.38291 0.341211 0.104492 0.0777344 0.505859
1 0.385059 0.342188 0.10332 0.0851562 0.696777
1 0.385156 0.345117 0.104687 0.0847656 0.75
1 0.384766 0.341797 0.103906 0.0804687 0.763672
0 0.384375 0.344531 0.105469 0.08125 0.631836
1 0.383594 0.344727 0.103906 0.0824219 0.596191
1 0.384277 0.344531 0.106445 0.0851562 0.596191
1 0.383203 0.343945 0.104687 0.0871094 0.794434
1 0.382812 0.342578 0.103906 0.0828125 0.816406
1 0.382812 0.341797 0.107031 0.0820312 0.774414
1 0.383203 0.340625 0.110938 0.0835938 0.733398
1 0.381348 0.341016 0.107617 0.0773438 0.762695
1 0.384766 0.340625 0.110938 0.0804687 0.791992
1 0.383594 0.340625 0.100781 0.0828125 0.700195
1 0.385156 0.341797 0.109375 0.084375 0.541992
1 0.383984 0.343555 0.104688 0.0808594 0.70752
1 0.382422 0.342578 0.103906 0.0851562 0.8125
1 0.386328 0.343359 0.110156 0.0789062 0.850586
1 0.382031 0.341797 0.102344 0.0773438 0.791016
1 0.383203 0.341797 0.0984375 0.0796875 0.875488
1 0.383594 0.344141 0.101562 0.0835938 0.838379
1 0.382812 0.340234 0.101562 0.0773437 0.847656
1 0.383691 0.34375 0.107617 0.0859375 0.805176
1 0.383594 0.343164 0.111719 0.0824219 0.842285
1 0.383984 0.345313 0.107031 0.0828125 0.864746
1 0.383203 0.344336 0.10625 0.0816406 0.811035
1 0.384375 0.345508 0.10625 0.0816406 0.848145
1 0.385547 0.344727 0.10625 0.0816406 0.880859
1 0.384277 0.345898 0.10957 0.0839844 0.891602
1 0.385938 0.346484 0.10625 0.0820312 0.875977
1 0.383594 0.344141 0.107031 0.0859375 0.698242
1 0.384375 0.341797 0.107031 0.0789062 0.750488
1 0.385938 0.344922 0.101562 0.0828125 0.775391
1 0.385254 0.34375 0.10918 0.084375 0.811523
1 0.384375 0.344727 0.103906 0.0792969 0.845703
1 0.384277 0.344727 0.106445 0.0792969 0.869629
1 0.385547 0.34375 0.113281 0.078125 0.889648
1 0.384766 0.341602 0.107812 0.0839844 0.841797
1 0.385547 0.344531 0.100781 0.084375 0.648926
1 0.386035 0.344922 0.107617 0.0851563 0.747559
1 0.383594 0.345898 0.0984375 0.0824219 0.829102
1 0.383203 0.344922 0.1 0.0789062 0.853027
1 0.383984 0.346875 0.10625 0.0789062 0.838867
1 0.385156 0.344531 0.110156 0.08125 0.842773
1 0.383203 0.343164 0.104687 0.0878906 0.898926
1 0.384277 0.34375 0.10332 0.0851563 0.870117
1 0.383984 0.342578 0.103906 0.0851562 0.886719
1 0.385938 0.343359 0.104688 0.0882813 0.786621
1 0.383691 0.344531 0.106055 0.090625 0.878906
1 0.384766 0.342188 0.103125 0.0875 0.902832
1 0.384277 0.341016 0.10332 0.0820312 0.879395
1 0.383984 0.341992 0.103125 0.0832031 0.851562
1 0.383203 0.343359 0.107031 0.0828125 0.882812
1 0.383594 0.343555 0.107031 0.0878906 0.925293
1 0.385547 0.344141 0.107812 0.084375 0.909668
1 0.383594 0.342188 0.107031 0.0828125 0.893555
1 0.385156 0.344922 0.10625 0.0859375 0.874512
1 0.384766 0.344531 0.104688 0.084375 0.864746
1 0.384473 0.34375 0.107617 0.0859375 0.88916
1 0.384766 0.344336 0.107812 0.0878906 0.879395
1 0.385156 0.342578 0.110156 0.090625 0.880371
1 0.383984 0.342188 0.109375 0.08125 0.897949
1 0.383203 0.341211 0.110156 0.0816406 0.867676
1 0.384766 0.342969 0.10625 0.08125 0.825195
1 0.384766 0.344922 0.109375 0.0859375 0.849609
1 0.386035 0.343555 0.110742 0.0847656 0.888184
1 0.385059 0.345313 0.106445 0.0820312 0.858398
1 0.384766 0.34375 0.108594 0.084375 0.873535
1 0.384375 0.343945 0.108594 0.0855469 0.885254
1 0.385938 0.343555 0.10625 0.0832031 0.899414
1 0.384375 0.346875 0.103125 0.0828125 0.859375
1 0.385059 0.345313 0.10332 0.0820312 0.859375
1 0.384473 0.345703 0.106055 0.084375 0.875977
1 0.384766 0.344336 0.107031 0.0871094 0.891602
1 0.386328 0.344141 0.110156 0.0835938 0.884277
1 0.384375 0.344922 0.108594 0.0859375 0.845215
1 0.38584 0.345508 0.10957 0.0855469 0.853516
1 0.383984 0.346094 0.105469 0.08125 0.909668
1 0.385156 0.344922 0.107812 0.0835938 0.902832
1 0.382812 0.344922 0.10625 0.0835938 0.869141
1 0.383594 0.34375 0.111719 0.0835938 0.856445
1 0.383594 0.342969 0.110156 0.08125 0.883789
1 0.382422 0.344727 0.107031 0.0800781 0.896484
1 0.383984 0.344141 0.107812 0.084375 0.857422
1 0.385938 0.344531 0.107031 0.0835938 0.867676
1 0.384766 0.345313 0.107812 0.084375 0.873535
1 0.386328 0.342969 0.110156 0.0859375 0.917969
1 0.385156 0.344922 0.110156 0.084375 0.912598
1 0.385156 0.343164 0.110938 0.0847656 0.882324
1 0.385938 0.344531 0.108594 0.0859375 0.876465
1 0.384766 0.347266 0.108594 0.0890625 0.884766
1 0.385059 0.346094 0.111133 0.0921875 0.898438
1 0.383203 0.346289 0.107812 0.0886719 0.892578
1 0.383984 0.344922 0.110938 0.0875 0.890137
1 0.383594 0.344336 0.10625 0.0878906 0.905273
1 0.383594 0.344531 0.10625 0.0851562 0.913086
1 0.384375 0.343359 0.107813 0.0835937 0.905273
1 0.385156 0.344531 0.10625 0.0835938 0.910645
1 0.384473 0.344922 0.10918 0.0875 0.911133
1 0.384766 0.344922 0.110156 0.0890625 0.891113
1 0.385156 0.343555 0.10625 0.0855469 0.896484
1 0.385254 0.342969 0.106055 0.0851563 0.903809
1 0.384766 0.344141 0.108594 0.08125 0.893066
1 0.385547 0.342969 0.10625 0.0828125 0.878906
1 0.385059 0.344922 0.104883 0.0804687 0.867188
1 0.383496 0.344531 0.106445 0.0820312 0.882324
1 0.383691 0.34375 0.107617 0.0851563 0.897461
1 0.383984 0.344531 0.107031 0.0828125 0.884277
1 0.383203 0.342578 0.107031 0.084375 0.881836
1 0.383691 0.342578 0.106055 0.0828125 0.88623
1 0.383203 0.343555 0.105469 0.0855469 0.869629
1 0.383496 0.344141 0.108008 0.0859375 0.869629
1 0.385059 0.344727 0.108008 0.0878906 0.901855
1 0.385156 0.344922 0.110156 0.0867187 0.911621
1 0.384766 0.344922 0.108594 0.0867187 0.887207
1 0.386035 0.34668 0.10918 0.0886719 0.859863
1 0.384766 0.344336 0.108594 0.0871094 0.872559
1 0.384375 0.344922 0.108594 0.0867187 0.905762
1 0.384766 0.34375 0.109375 0.0867187 0.926758
1 0.384375 0.342969 0.108594 0.0867187 0.911133
1 0.384473 0.344531 0.10918 0.0882812 0.868164
1 0.384375 0.345313 0.109375 0.0859375 0.848145
1 0.384375 0.344922 0.108594 0.0851563 0.883301
1 0.385156 0.346094 0.108594 0.0851562 0.896484
1 0.385156 0.346484 0.109375 0.0867188 0.881836
1 0.384375 0.344922 0.109375 0.0851563 0.861328
1 0.384375 0.345703 0.110156 0.0859375 0.855957
1 0.383984 0.345703 0.109375 0.0867187 0.869629
1 0.383594 0.345508 0.109375 0.0878906 0.904785
1 0.384375 0.346484 0.111719 0.0914063 0.914062
1 0.384766 0.345703 0.111719 0.0914063 0.903809
1 0.384766 0.345313 0.110156 0.0898438 0.89502
1 0.385254 0.344922 0.10918 0.0882812 0.883301
1 0.386035 0.345313 0.110742 0.0898438 0.878418
1 0.384766 0.344336 0.107812 0.0863281 0.873047
1 0.383984 0.344531 0.10625 0.0859375 0.873047
1 0.384375 0.345703 0.107031 0.0898438 0.874023
1 0.383984 0.345703 0.107031 0.0882812 0.878906
1 0.383984 0.344922 0.108594 0.0859375 0.888184
1 0.385059 0.345117 0.10957 0.0878906 0.884277
1 0.385156 0.346094 0.109375 0.0898438 0.883301
1 0.384766 0.346289 0.109375 0.0894531 0.881836
1 0.384375 0.346289 0.109375 0.0878906 0.879883
1 0.384766 0.346484 0.109375 0.0882812 0.888184
1 0.384766 0.345508 0.109375 0.0894531 0.897461
1 0.384766 0.345313 0.109375 0.0890625 0.896484
1 0.384473 0.345508 0.10918 0.0886719 0.889648
1 0.384766 0.345313 0.109375 0.0890625 0.884277
1 0.384766 0.345508 0.109375 0.0894531 0.891602
1 0.385156 0.345898 0.109375 0.0894531 0.889648
1 0.385156 0.346484 0.109375 0.0890625 0.885742
1 0.384766 0.346094 0.110156 0.0898438 0.884766
1 0.384375 0.345703 0.109375 0.0890625 0.887207
1 0.384473 0.345508 0.10918 0.0878906 0.894043
1 0.384473 0.345313 0.10918 0.0882813 0.898438
1 0.384766 0.344922 0.108594 0.0882812 0.90332
1 0.384766 0.344531 0.109375 0.0882812 0.905273
1 0.384766 0.344531 0.109375 0.0882812 0.905762
1 0.384766 0.344531 0.109375 0.0882812 0.909668
1 0.385059 0.344727 0.108008 0.0878906 0.901855
