1 0.325 0.323438 0.45 0.453125 0.600098
1 0.627344 0.110352 0.123438 0.148828 0.734863
0 0.627344 0.110352 0.123438 0.148828 0.654785
0 0.628906 0.113086 0.125 0.150391 0.78418
1 0.628906 0.114355 0.129687 0.14707 0.606934
0 0.628906 0.111499 0.125 0.151611 0.737305
1 0.628906 0.111499 0.125 0.151611 0.723145
1 0.632812 0.115845 0.121875 0.142529 0.873047
0 0.632812 0.115845 0.121875 0.142529 0.861328
1 0.630469 0.113501 0.128125 0.146826 0.839355
0 0.630469 0.113501 0.128125 0.146826 0.651367
1 0.63125 0.112402 0.117188 0.149805 0.650391
0 0.63125 0.112402 0.117188 0.149805 0.57373
0 0.638281 0.113501 0.126563 0.145654 0.505859
1 0.630859 0.115405 0.117969 0.146533 0.506836
1 0.630078 0.11311 0.116406 0.142529 0.617676
0 0.629688 0.110913 0.119531 0.148096 0.713867
1 0.630469 0.11084 0.115625 0.145898 0.584961
1 0.630469 0.111694 0.117188 0.145752 0.722656
0 0.630859 0.111621 0.11875 0.147461 0.553711
1 0.631641 0.113574 0.122656 0.14707 0.543945
1 0.630078 0.112915 0.121875 0.149561 0.515625
1 0.630859 0.11272 0.121875 0.146436 0.594727
1 0.628906 0.115137 0.11875 0.145508 0.552734
1 0.629297 0.114282 0.11875 0.140186 0.663574
1 0.632031 0.115234 0.117969 0.140625 0.720215
1 0.628906 0.113501 0.120313 0.145654 0.810547
1 0.63125 0.113257 0.121875 0.14458 0.834473
1 0.628125 0.113379 0.121875 0.141992 0.855469
1 0.629688 0.111133 0.121875 0.146484 0.869141
1 0.630469 0.11543 0.120313 0.145313 0.88623
1 0.629297 0.113379 0.117188 0.145898 0.95459
1 0.627734 0.11416 0.121094 0.145898 0.961914
1 0.628906 0.116309 0.123438 0.141211 0.910645
1 0.630469 0.117407 0.121875 0.139795 0.875
1 0.629688 0.113379 0.116406 0.142773 0.730957
0 0.63125 0.116406 0.120313 0.133984 0.755859
1 0.629687 0.115454 0.121094 0.141357 0.632324
1 0.629688 0.115845 0.121875 0.146436 0.728027
0 0.63125 0.114819 0.121875 0.141455 0.538086
1 0.630859 0.114355 0.120313 0.146289 0.861816
1 0.63125 0.11228 0.126562 0.150049 0.900879
1 0.629688 0.112915 0.117969 0.148779 0.874512
1 0.632031 0.111719 0.124219 0.151953 0.860352
1 0.630078 0.114429 0.122656 0.14458 0.900879
1 0.628125 0.111621 0.120312 0.151758 0.847656
1 0.63125 0.114478 0.121875 0.147607 0.893066
1 0.628125 0.113867 0.121875 0.15 0.860352
1 0.628516 0.112305 0.121094 0.149609 0.923828
1 0.627344 0.115454 0.11875 0.144092 0.916016
1 0.629688 0.114868 0.119531 0.144873 0.904297
1 0.630469 0.114844 0.122656 0.147656 0.902344
1 0.631641 0.114087 0.126563 0.147607 0.93457
1 0.629688 0.114453 0.123437 0.145313 0.940918
1 0.628906 0.116431 0.121875 0.141748 0.898926
1 0.628125 0.116211 0.120312 0.144922 0.849121
1 0.630469 0.115527 0.117188 0.145508 0.818848
1 0.630469 0.114063 0.125 0.15 0.829102
1 0.630859 0.115063 0.121875 0.147998 0.855957
1 0.629688 0.114233 0.121875 0.149658 0.874023
1 0.630469 0.113306 0.121875 0.145654 0.878418
1 0.629297 0.114453 0.120313 0.148047 0.929199
1 0.627344 0.114746 0.125 0.148633 0.935059
1 0.628125 0.115332 0.121875 0.149805 0.943359
1 0.628125 0.113379 0.121875 0.152148 0.92041
1 0.631641 0.113696 0.123437 0.147217 0.923828
1 0.63125 0.112988 0.121875 0.149414 0.915039
0 0.632031 0.112891 0.120312 0.146094 0.712402
1 0.630859 0.114941 0.121094 0.145898 0.587891
0 0.630469 0.115015 0.125 0.143018 0.81543
1 0.629688 0.11604 0.123437 0.143701 0.572754
1 0.630078 0.114258 0.117969 0.151953 0.806641
0 0.629688 0.112793 0.11875 0.149414 0.504883
1 0.628906 0.112915 0.11875 0.151514 0.823242
1 0.628906 0.116309 0.123438 0.145117 0.847168
0 0.629297 0.116626 0.122656 0.143311 0.549805
1 0.630469 0.115063 0.126563 0.147998 0.913086
1 0.629688 0.115332 0.123437 0.148242 0.914062
1 0.629688 0.113965 0.123437 0.151758 0.864746
1 0.628906 0.113867 0.120313 0.150391 0.961914
1 0.632031 0.113867 0.120312 0.151953 0.928711
1 0.628906 0.112988 0.123438 0.152148 0.944336
1 0.629688 0.113281 0.123437 0.152344 0.934082
1 0.627734 0.112671 0.124219 0.148096 0.966797
1 0.628125 0.112695 0.122656 0.148828 0.958496
1 0.628125 0.114453 0.124219 0.146875 0.94043
1 0.627344 0.113647 0.124219 0.150049 0.962402
1 0.629688 0.115405 0.120313 0.144189 0.912109
1 0.628516 0.113379 0.120313 0.145898 0.86084
0 0.630469 0.112695 0.121875 0.149609 0.571777
1 0.629297 0.112207 0.121094 0.149414 0.943359
1 0.628125 0.113477 0.120312 0.146484 0.959473
1 0.628906 0.114282 0.123438 0.146045 0.916504
1 0.629688 0.115527 0.121875 0.144727 0.92041
1 0.628516 0.1125 0.124219 0.153906 0.880371
1 0.628516 0.113306 0.121875 0.146826 0.911621
1 0.628125 0.111523 0.121875 0.150781 0.798828
1 0.628906 0.111719 0.121875 0.150391 0.90918
1 0.627734 0.113965 0.121875 0.152539 0.92041
1 0.627734 0.112598 0.121094 0.15293 0.915039
1 0.628125 0.112891 0.11875 0.151562 0.844238
1 0.628125 0.112305 0.120312 0.151563 0.891602
1 0.628125 0.114087 0.120312 0.150732 0.893066
1 0.628906 0.112476 0.11875 0.15083 0.830566
0 0.630469 0.11272 0.121094 0.149951 0.645996
1 0.627344 0.112915 0.120313 0.14917 0.905762
1 0.628906 0.111816 0.120313 0.149805 0.878906
1 0.628906 0.113062 0.11875 0.147705 0.911621
1 0.628906 0.112402 0.119531 0.150977 0.923828
1 0.630859 0.112891 0.125 0.147656 0.927734
1 0.628125 0.113672 0.121875 0.149609 0.898926
1 0.630469 0.113086 0.121875 0.150391 0.913574
1 0.629297 0.112134 0.121094 0.151123 0.919922
1 0.630469 0.113452 0.123437 0.152002 0.927246
1 0.628906 0.114282 0.120313 0.151123 0.916016
1 0.630078 0.114551 0.121875 0.149023 0.922363
1 0.629688 0.113184 0.119531 0.14707 0.938477
1 0.627344 0.11416 0.120313 0.147852 0.939941
1 0.628125 0.115015 0.121875 0.149268 0.935059
1 0.628906 0.115015 0.120313 0.148877 0.92041
1 0.628125 0.114063 0.121094 0.147656 0.913574
1 0.63125 0.111133 0.125 0.151172 0.921875
1 0.630469 0.112598 0.125 0.151367 0.910156
1 0.629688 0.110547 0.128125 0.150391 0.91748
1 0.630469 0.111719 0.126563 0.151953 0.918457
1 0.628906 0.112476 0.126562 0.151611 0.921875
1 0.629688 0.112866 0.126563 0.151611 0.929199
1 0.628125 0.11416 0.125 0.148242 0.931152
1 0.628516 0.112793 0.127344 0.148242 0.913086
1 0.628906 0.112012 0.126562 0.151367 0.893066
1 0.628906 0.113477 0.123438 0.151172 0.812988
1 0.628906 0.111157 0.126562 0.152295 0.891113
1 0.629687 0.112012 0.125 0.152539 0.915527
1 0.629688 0.112305 0.126563 0.152344 0.926758
1 0.628906 0.113892 0.123438 0.150732 0.922363
1 0.629297 0.111304 0.122656 0.149658 0.93457
1 0.628125 0.111548 0.123438 0.150342 0.931641
1 0.628906 0.111914 0.126562 0.149219 0.919434
1 0.628906 0.111694 0.123438 0.15083 0.915039
1 0.628125 0.112988 0.11875 0.150586 0.918457
1 0.627344 0.112671 0.120313 0.149658 0.917969
1 0.627344 0.112012 0.119531 0.150586 0.92627
1 0.627344 0.112329 0.120313 0.149561 0.925293
1 0.627344 0.112012 0.123438 0.151367 0.933105
1 0.628516 0.112012 0.125 0.149805 0.945312
1 0.627734 0.113086 0.124219 0.151953 0.936523
1 0.628125 0.113086 0.125 0.151563 0.928711
1 0.628906 0.113184 0.123438 0.152148 0.936523
1 0.629688 0.112598 0.126563 0.151367 0.944336
1 0.628125 0.112695 0.123438 0.151953 0.918945
1 0.628125 0.113965 0.123438 0.151758 0.89502
1 0.627344 0.112988 0.123438 0.149805 0.915527
1 0.627344 0.113452 0.122656 0.149658 0.939453
1 0.629688 0.111621 0.124219 0.149023 0.951172
1 0.629297 0.111353 0.124219 0.148389 0.939453
1 0.629688 0.112891 0.123437 0.150781 0.903809
1 0.628906 0.112305 0.123438 0.151172 0.900391
1 0.628906 0.112012 0.123438 0.149805 0.934082
1 0.629297 0.112793 0.125 0.149023 0.944336
1 0.629297 0.113574 0.125 0.150195 0.930664
1 0.628125 0.114063 0.123438 0.15 0.898438
1 0.628125 0.114478 0.124219 0.148779 0.892578
1 0.628125 0.113965 0.123438 0.148633 0.913574
1 0.628125 0.113062 0.123438 0.147705 0.945801
1 0.629297 0.114038 0.125 0.147705 0.953125
1 0.629297 0.113452 0.124219 0.148877 0.944824
1 0.628516 0.113184 0.122656 0.147461 0.942383
1 0.628125 0.113379 0.121875 0.147461 0.931152
1 0.629297 0.114258 0.125 0.148828 0.930176
1 0.628906 0.113086 0.125 0.146484 0.935059
1 0.628906 0.112695 0.123438 0.146875 0.939453
1 0.628906 0.113379 0.125 0.149023 0.937012
1 0.628906 0.113086 0.123438 0.147656 0.935547
1 0.628125 0.112476 0.123438 0.145752 0.93457
1 0.628906 0.113062 0.125 0.147705 0.930176
1 0.628906 0.113672 0.124219 0.149219 0.931641
1 0.628516 0.113477 0.123437 0.148438 0.936035
1 0.628125 0.113062 0.123438 0.146533 0.943359
1 0.628516 0.113281 0.124219 0.146875 0.950195
1 0.628906 0.11311 0.125 0.148779 0.953125
1 0.628906 0.113086 0.125 0.148828 0.95166
1 0.628906 0.112891 0.125 0.148047 0.94873
1 0.629297 0.112695 0.125 0.148438 0.946777
1 0.629688 0.1125 0.124219 0.148828 0.952637
1 0.629688 0.112598 0.123437 0.149023 0.953125
1 0.628906 0.112891 0.123438 0.149219 0.950195
1 0.628906 0.112793 0.125 0.149414 0.946777
1 0.628906 0.11272 0.123438 0.148389 0.944336
1 0.628906 0.112598 0.123438 0.148242 0.944824
1 0.629297 0.112598 0.124219 0.148242 0.946777
1 0.629297 0.112402 0.124219 0.148242 0.949219
1 0.629297 0.112402 0.124219 0.148242 0.949707
1 0.628906 0.1125 0.125 0.148047 0.949707
1 0.628906 0.112695 0.125 0.148047 0.951172
1 0.628906 0.113184 0.123438 0.152148 0.936523
