0 0.621094 0.161523 0.0453125 0.0871094 0.522461
1 0.627734 0.152246 0.06875 0.102539 0.580566
1 0.621094 0.158398 0.0515625 0.0890625 0.547852
1 0.618359 0.159961 0.05 0.0910156 0.625977
1 0.620313 0.156348 0.05 0.0962891 0.511719
1 0.683594 0.151465 0.16875 0.111914 0.543945
1 0.617188 0.160938 0.04375 0.0863281 0.601074
1 0.616016 0.159277 0.0453125 0.0884766 0.562012
1 0.61875 0.157617 0.04375 0.0941406 0.643555
1 0.619141 0.154395 0.0429688 0.101367 0.544922
1 0.649219 0.149219 0.104688 0.114062 0.543945
1 0.628906 0.150098 0.0671875 0.111523 0.538086
1 0.646094 0.148828 0.103125 0.111328 0.632324
1 0.647656 0.146582 0.107813 0.118164 0.733887
1 0.647656 0.149023 0.10625 0.114453 0.568848
1 0.647266 0.15 0.107031 0.111328 0.589844
1 0.651563 0.149512 0.10625 0.114258 0.533203
1 0.61875 0.155859 0.046875 0.0996094 0.509766
1 0.61875 0.15791 0.0453125 0.0935547 0.692871
1 0.617188 0.158105 0.046875 0.0947266 0.758301
1 0.617969 0.15459 0.0453125 0.10293 0.653809
1 0.617188 0.160742 0.0390625 0.0925781 0.550781
1 0.617969 0.158301 0.04375 0.0974609 0.622559
1 0.620313 0.153906 0.046875 0.105469 0.605957
1 0.642187 0.152344 0.0921875 0.107422 0.553711
1 0.617969 0.156738 0.04375 0.0990234 0.518555
1 0.619531 0.154395 0.0515625 0.104102 0.500977
1 0.616406 0.156836 0.046875 0.0996094 0.567871
1 0.615234 0.160352 0.0507812 0.0917969 0.76709
1 0.613672 0.162305 0.0507812 0.0886719 0.730957
1 0.627344 0.150879 0.0671875 0.110352 0.682617
1 0.646094 0.149414 0.103125 0.114063 0.59375
1 0.641797 0.150195 0.09375 0.112109 0.695801
1 0.625781 0.151074 0.0617188 0.110352 0.620605
1 0.648438 0.149609 0.10625 0.112891 0.507812
1 0.622266 0.151465 0.0539062 0.108398 0.538086
1 0.640234 0.150391 0.090625 0.111328 0.688477
1 0.638281 0.150977 0.0859375 0.110547 0.716309
1 0.632812 0.151367 0.075 0.109375 0.765625
1 0.648047 0.150195 0.105469 0.110156 0.728027
1 0.621484 0.152539 0.053125 0.105469 0.692871
1 0.64375 0.152344 0.0984375 0.105078 0.634277
1 0.635938 0.15166 0.0828125 0.105664 0.770996
1 0.633203 0.153516 0.0773438 0.104688 0.733398
1 0.648047 0.151953 0.104688 0.107422 0.518555
1 0.616797 0.155273 0.0453125 0.0996094 0.719238
1 0.617188 0.156836 0.0453125 0.0976563 0.787109
1 0.616797 0.156836 0.0460938 0.0960938 0.820801
1 0.616406 0.156641 0.0453125 0.0957031 0.744141
1 0.616406 0.157227 0.0453125 0.0960937 0.6875
1 0.616406 0.156641 0.0453125 0.0972656 0.664551
1 0.627344 0.153516 0.0671875 0.104688 0.67041
1 0.644141 0.152637 0.1 0.104492 0.522461
1 0.632031 0.153906 0.0757812 0.104687 0.638672
1 0.616406 0.157227 0.0453125 0.0988281 0.559082
1 0.616406 0.156055 0.0453125 0.0996094 0.57959
1 0.632031 0.15293 0.075 0.106641 0.644043
1 0.632812 0.151953 0.0765625 0.107813 0.702637
1 0.617969 0.155859 0.046875 0.0992188 0.737793
1 0.617188 0.157715 0.0453125 0.0962891 0.76416
1 0.61875 0.156445 0.046875 0.0984375 0.757812
1 0.635156 0.154199 0.0796875 0.103711 0.628906
1 0.619531 0.155566 0.0484375 0.100195 0.747559
1 0.640625 0.15332 0.0875 0.105469 0.674805
1 0.625781 0.153711 0.0609375 0.104687 0.724121
1 0.648828 0.152051 0.102344 0.108008 0.666504
1 0.642969 0.152344 0.0953125 0.108594 0.6875
1 0.636719 0.152246 0.084375 0.107617 0.634277
1 0.621484 0.153125 0.0546875 0.105469 0.57959
1 0.625781 0.149805 0.0609375 0.112109 0.574707
1 0.625781 0.15 0.059375 0.110938 0.567871
1 0.629688 0.149805 0.0671875 0.111719 0.598145
1 0.630469 0.149707 0.06875 0.112305 0.62793
1 0.626562 0.150391 0.0617188 0.111328 0.617676
1 0.627344 0.150586 0.0625 0.110937 0.625
1 0.647656 0.149219 0.103906 0.112109 0.506836
1 0.63125 0.150293 0.0703125 0.111914 0.635254
1 0.648438 0.149023 0.104688 0.113281 0.529297
1 0.638281 0.149609 0.0828125 0.112891 0.671387
1 0.635156 0.149902 0.0765625 0.112695 0.737793
1 0.625781 0.151563 0.059375 0.110156 0.728516
1 0.646094 0.150977 0.1 0.111328 0.619629
1 0.621875 0.152539 0.053125 0.108594 0.716309
1 0.642969 0.151758 0.0953125 0.109375 0.602051
1 0.619531 0.153223 0.0484375 0.106836 0.708984
1 0.639453 0.152148 0.0882812 0.107422 0.57959
1 0.618359 0.153906 0.0460937 0.105078 0.704102
1 0.633594 0.152734 0.0765625 0.105469 0.560059
1 0.617188 0.154297 0.0453125 0.103906 0.711426
1 0.628125 0.153418 0.0664062 0.104102 0.541016
1 0.617578 0.153809 0.0453125 0.104883 0.729492
1 0.630469 0.15293 0.0703125 0.104687 0.555664
1 0.61875 0.152539 0.0476562 0.107031 0.748535
1 0.643359 0.150684 0.0960937 0.110742 0.59082
1 0.61875 0.152539 0.0484375 0.107422 0.750488
1 0.64375 0.150684 0.096875 0.110742 0.595703
1 0.619141 0.152539 0.0484375 0.107422 0.758301
1 0.64375 0.150586 0.096875 0.110937 0.600098
1 0.632812 0.151367 0.075 0.109375 0.766113
1 0.648047 0.150195 0.105469 0.110156 0.728027
