1 0.641797 0.287305 0.0625 0.0546875 0.57666
1 0.642188 0.284766 0.0625 0.0625 0.643555
0 0.641797 0.289844 0.0632813 0.0566406 0.675781
1 0.641797 0.289844 0.0632813 0.0566406 0.623535
1 0.641797 0.285156 0.0578125 0.0613281 0.522461
1 0.640234 0.285156 0.0609375 0.0550781 0.541992
1 0.641406 0.2875 0.0625 0.0578125 0.536133
1 0.640625 0.285937 0.065625 0.0601563 0.581543
0 0.643359 0.285937 0.0632812 0.0570312 0.664551
0 0.644141 0.286719 0.0640625 0.0578125 0.585938
1 0.642578 0.285547 0.0648438 0.0609375 0.587891
0 0.642969 0.286133 0.0648438 0.0589844 0.583984
0 0.640625 0.285937 0.0671875 0.0601563 0.539062
1 0.640625 0.284375 0.0640625 0.0554687 0.690918
1 0.641406 0.285352 0.0625 0.059375 0.548828
1 0.642187 0.283203 0.0671875 0.0578125 0.708984
0 0.640625 0.285937 0.0640625 0.0570312 0.708984
1 0.641797 0.284375 0.0664062 0.0554687 0.615234
1 0.641406 0.286328 0.0640625 0.05625 0.672363
1 0.639844 0.285156 0.065625 0.0617188 0.679199
1 0.640625 0.285937 0.0640625 0.05625 0.607422
0 0.639844 0.287109 0.0609375 0.0570312 0.530273
0 0.642187 0.286133 0.065625 0.053125 0.514648
1 0.639453 0.285156 0.0640625 0.0550781 0.611328
1 0.642187 0.283789 0.0671875 0.0597656 0.699219
0 0.640625 0.286328 0.0625 0.0578125 0.530273
1 0.639844 0.285547 0.0640625 0.0601563 0.664551
1 0.641406 0.286133 0.0671875 0.0582031 0.661133
0 0.640234 0.285937 0.0578125 0.0578125 0.529297
0 0.641406 0.284766 0.05625 0.05625 0.567871
1 0.642969 0.286328 0.0625 0.0585938 0.537109
1 0.641797 0.285937 0.0609375 0.053125 0.645996
0 0.642187 0.285547 0.06875 0.0554688 0.730957
0 0.642578 0.286328 0.0601562 0.0539063 0.673828
0 0.641797 0.287891 0.0671875 0.05625 0.552734
0 0.642187 0.286914 0.0671875 0.0570312 0.808105
0 0.639844 0.286328 0.06875 0.0589844 0.519531
1 0.639844 0.285156 0.0671875 0.0578125 0.500977
1 0.641406 0.286328 0.0664062 0.059375 0.687012
1 0.641406 0.285742 0.065625 0.0566406 0.664551
1 0.642187 0.287109 0.06875 0.053125 0.641602
1 0.642187 0.286133 0.0617188 0.0570312 0.661133
0 0.642187 0.286133 0.0578125 0.0570312 0.520508
0 0.640625 0.285742 0.0671875 0.0589844 0.705078
0 0.640625 0.287109 0.0632812 0.0585938 0.632324
0 0.640234 0.286523 0.0632812 0.0582031 0.506836
0 0.640625 0.2875 0.0640625 0.05625 0.514648
1 0.640625 0.286328 0.0640625 0.0570312 0.530273
1 0.640625 0.286328 0.065625 0.059375 0.787109
0 0.641406 0.285938 0.0640625 0.0585938 0.510742
1 0.640625 0.285547 0.065625 0.0597656 0.740723
1 0.639844 0.285742 0.0703125 0.0644531 0.523438
0 0.642187 0.284375 0.0640625 0.0609375 0.520508
1 0.639844 0.285742 0.065625 0.0613281 0.688477
1 0.638672 0.286719 0.0664062 0.0585938 0.731934
1 0.639063 0.286719 0.0671875 0.0570313 0.687012
1 0.639844 0.285156 0.065625 0.0632812 0.554688
0 0.642187 0.284766 0.065625 0.059375 0.671387
1 0.641406 0.284766 0.0671875 0.059375 0.639648
1 0.642187 0.286719 0.0640625 0.0585938 0.784668
1 0.642187 0.287109 0.065625 0.0570312 0.710449
0 0.641797 0.284766 0.0671875 0.0585938 0.64502
1 0.642187 0.285547 0.0671875 0.0601563 0.729492
1 0.642187 0.285547 0.0671875 0.0617187 0.669922
0 0.641406 0.285156 0.0671875 0.0632812 0.676758
1 0.642187 0.284375 0.0671875 0.0625 0.512695
1 0.642187 0.285937 0.0671875 0.0597656 0.742188
1 0.640234 0.285937 0.06875 0.0640625 0.584961
1 0.642188 0.285352 0.0703125 0.0636719 0.53418
1 0.639844 0.285156 0.0679687 0.0609375 0.665527
1 0.642969 0.286328 0.065625 0.0601563 0.717773
1 0.642187 0.288086 0.065625 0.0589844 0.736328
0 0.640625 0.285937 0.065625 0.0601563 0.611328
1 0.641406 0.286328 0.065625 0.0601563 0.552734
1 0.640625 0.286719 0.0664062 0.0574219 0.729492
1 0.641406 0.286328 0.0671875 0.059375 0.771973
1 0.642187 0.286523 0.0671875 0.059375 0.684082
0 0.639844 0.286328 0.0648438 0.059375 0.6875
1 0.640625 0.287109 0.0671875 0.0585938 0.732422
0 0.639844 0.286523 0.0671875 0.0589844 0.689453
0 0.641797 0.285547 0.0679687 0.0609375 0.751953
0 0.641406 0.284375 0.065625 0.0601563 0.794434
0 0.641406 0.284375 0.065625 0.059375 0.728027
1 0.641406 0.285742 0.065625 0.0605469 0.617676
1 0.640625 0.285352 0.0648438 0.0597656 0.769043
1 0.641406 0.285937 0.06875 0.0609375 0.805664
1 0.641406 0.286328 0.0671875 0.0617188 0.807617
1 0.639844 0.2875 0.06875 0.0601563 0.791992
0 0.641406 0.285547 0.0664062 0.059375 0.773438
0 0.641406 0.285547 0.065625 0.0585938 0.834473
0 0.641797 0.284766 0.0671875 0.0589844 0.749023
0 0.642969 0.284961 0.065625 0.0597656 0.741699
1 0.639844 0.287109 0.06875 0.0621094 0.730469
1 0.639844 0.285937 0.071875 0.0636719 0.715332
1 0.639063 0.285938 0.06875 0.0625 0.562012
1 0.639453 0.285156 0.071875 0.0632812 0.75293
1 0.639844 0.285937 0.0695312 0.0613281 0.782227
1 0.639844 0.286133 0.0703125 0.0597656 0.59375
1 0.640625 0.285547 0.06875 0.059375 0.825684
1 0.639063 0.284766 0.0703125 0.0609375 0.820801
1 0.639063 0.285547 0.0710937 0.0625 0.771973
1 0.642187 0.284766 0.0671875 0.0605469 0.790527
1 0.641406 0.28457 0.06875 0.0609375 0.833496
1 0.639844 0.285938 0.0703125 0.0585938 0.827637
0 0.640625 0.284375 0.06875 0.059375 0.799316
1 0.640625 0.2875 0.0679687 0.0574219 0.603027
1 0.639844 0.285547 0.0695312 0.0578125 0.849121
1 0.639844 0.284766 0.071875 0.0625 0.788086
1 0.640625 0.285938 0.0703125 0.0605469 0.782715
1 0.639844 0.28457 0.06875 0.0617187 0.770508
1 0.641016 0.284766 0.0664062 0.0585938 0.818848
1 0.641406 0.285156 0.0671875 0.059375 0.799316
1 0.642187 0.285156 0.071875 0.0601563 0.804199
1 0.641797 0.285937 0.0703125 0.0609375 0.801758
1 0.640625 0.285937 0.06875 0.0601563 0.831055
1 0.640625 0.285938 0.06875 0.0605469 0.769531
1 0.641406 0.286328 0.06875 0.0613281 0.723145
1 0.640625 0.284766 0.06875 0.0601562 0.823242
1 0.640625 0.285742 0.0703125 0.0621094 0.82666
1 0.640234 0.284961 0.0703125 0.0628906 0.819824
1 0.639844 0.284375 0.0703125 0.0613281 0.6875
0 0.640625 0.285156 0.0703125 0.0605469 0.501953
0 0.641406 0.285156 0.06875 0.0601563 0.517578
0 0.641797 0.285156 0.0679687 0.0601563 0.699219
1 0.641406 0.286133 0.06875 0.0601563 0.603027
1 0.640625 0.286133 0.06875 0.0605469 0.622559
0 0.640625 0.284766 0.06875 0.0585938 0.65332
1 0.640625 0.285937 0.0703125 0.059375 0.598145
1 0.641016 0.285937 0.06875 0.0597656 0.71875
1 0.641406 0.284766 0.06875 0.059375 0.741699
1 0.640625 0.285937 0.0703125 0.0617187 0.724121
1 0.640625 0.285156 0.0703125 0.0625 0.685059
1 0.640625 0.285156 0.06875 0.0617188 0.753418
1 0.640234 0.285352 0.06875 0.0613281 0.744629
1 0.641406 0.285352 0.0703125 0.0625 0.784668
1 0.641016 0.283984 0.0679687 0.059375 0.788086
1 0.641016 0.283984 0.0664062 0.0589844 0.779785
1 0.640625 0.284766 0.0671875 0.0632812 0.788574
1 0.640625 0.285547 0.0671875 0.0617187 0.803223
1 0.640625 0.285156 0.0679687 0.059375 0.842773
1 0.641016 0.285352 0.0679687 0.0601563 0.795898
1 0.641406 0.285742 0.06875 0.0605469 0.819824
1 0.641406 0.285937 0.06875 0.0601563 0.834473
1 0.641406 0.285938 0.06875 0.0585938 0.82666
1 0.641406 0.285937 0.06875 0.059375 0.813965
1 0.641406 0.285937 0.06875 0.0617187 0.819824
1 0.641406 0.285742 0.06875 0.0613281 0.811523
1 0.640625 0.285547 0.06875 0.0601563 0.820801
1 0.641016 0.285547 0.06875 0.0601563 0.806641
1 0.641406 0.286328 0.06875 0.0601563 0.801758
1 0.641406 0.286328 0.06875 0.0601563 0.788574
1 0.641406 0.287109 0.0703125 0.0601563 0.797363
1 0.640625 0.286914 0.0703125 0.0601563 0.800781
1 0.640625 0.285938 0.0703125 0.0605469 0.792969
1 0.640625 0.285742 0.0703125 0.0601562 0.800781
1 0.640625 0.286328 0.06875 0.0601563 0.799316
1 0.640625 0.286133 0.06875 0.0605469 0.800781
1 0.640625 0.285742 0.06875 0.0609375 0.799316
1 0.640625 0.285742 0.06875 0.0609375 0.800781
1 0.641016 0.285937 0.0695313 0.0609375 0.808105
1 0.641797 0.285937 0.0703125 0.0609375 0.801758
