1 0.5625 0.498438 0.0828125 0.0726563 0.64502
1 0.561719 0.497656 0.0828125 0.0734375 0.648926
0 0.560938 0.496875 0.08125 0.0734375 0.521484
0 0.563281 0.503906 0.0765625 0.075 0.70752
1 0.563281 0.503906 0.0765625 0.075 0.683594
0 0.560938 0.500391 0.0796875 0.0726563 0.504883
0 0.564844 0.500781 0.078125 0.0664062 0.705078
1 0.561719 0.498438 0.078125 0.0679688 0.602051
1 0.562109 0.501953 0.0820312 0.0710938 0.748535
1 0.559375 0.502344 0.08125 0.0703125 0.587891
1 0.561719 0.500781 0.0765625 0.065625 0.680664
1 0.561719 0.498828 0.0765625 0.0679688 0.622559
0 0.563672 0.499609 0.075 0.0695313 0.536133
0 0.5625 0.5 0.078125 0.0765625 0.662109
1 0.5625 0.500391 0.0796875 0.06875 0.59375
1 0.5625 0.500781 0.0789062 0.06875 0.716797
1 0.564062 0.499219 0.0789062 0.0734375 0.67334
1 0.560938 0.5 0.0765625 0.0664062 0.729492
0 0.561719 0.498438 0.0765625 0.0703125 0.557129
0 0.561719 0.497656 0.0796875 0.0734375 0.591797
1 0.563281 0.498828 0.0765625 0.0710938 0.500977
1 0.561719 0.499219 0.075 0.0703125 0.642578
1 0.563281 0.497656 0.0734375 0.0703125 0.868652
1 0.564062 0.500781 0.0734375 0.0734375 0.605957
0 0.564062 0.500781 0.0734375 0.0734375 0.503906
1 0.564063 0.501562 0.0742188 0.075 0.863281
1 0.562891 0.501953 0.0789062 0.0734375 0.714844
1 0.563281 0.5 0.0765625 0.071875 0.639648
0 0.561719 0.5 0.08125 0.0734375 0.592773
1 0.561719 0.500781 0.0765625 0.06875 0.62793
1 0.560938 0.501172 0.0796875 0.06875 0.650391
0 0.5625 0.500781 0.0726563 0.06875 0.59082
0 0.563672 0.5 0.0835937 0.0734375 0.765625
0 0.560938 0.500391 0.0796875 0.0695312 0.784668
1 0.561328 0.5 0.0789062 0.071875 0.783203
1 0.5625 0.501562 0.0828125 0.06875 0.842773
1 0.563281 0.5 0.0765625 0.071875 0.747559
1 0.562891 0.500781 0.0773438 0.0703125 0.586914
1 0.563281 0.501562 0.0765625 0.06875 0.922852
1 0.563281 0.501563 0.0765625 0.0703125 0.848145
0 0.563672 0.500781 0.0796875 0.071875 0.649414
1 0.561328 0.500781 0.0789062 0.071875 0.604004
1 0.562109 0.502344 0.0765625 0.0703125 0.689453
0 0.563281 0.500781 0.0765625 0.0734375 0.527344
0 0.561719 0.5 0.0734375 0.0734375 0.737793
0 0.5625 0.500781 0.078125 0.071875 0.747559
0 0.564844 0.5 0.075 0.0703125 0.827637
1 0.561719 0.500781 0.0828125 0.0726562 0.861328
1 0.562109 0.500781 0.08125 0.0695313 0.868652
0 0.561719 0.499219 0.0796875 0.0703125 0.65332
0 0.5625 0.500781 0.0765625 0.06875 0.680176
0 0.563281 0.501172 0.071875 0.0742188 0.733887
0 0.560938 0.500781 0.078125 0.0742187 0.731934
1 0.560938 0.500781 0.0796875 0.0703125 0.541992
1 0.5625 0.5 0.075 0.0710938 0.819336
1 0.5625 0.499219 0.078125 0.075 0.52832
0 0.562891 0.502344 0.0804688 0.06875 0.625977
1 0.5625 0.500781 0.0796875 0.0726562 0.835938
1 0.563281 0.500391 0.075 0.0726563 0.76416
0 0.5625 0.500781 0.0828125 0.0734375 0.662598
0 0.563281 0.499219 0.0765625 0.075 0.767578
0 0.561719 0.498828 0.075 0.0734375 0.720215
0 0.560938 0.501563 0.078125 0.071875 0.71875
1 0.5625 0.5 0.078125 0.071875 0.722656
0 0.561719 0.500781 0.078125 0.071875 0.609375
1 0.561719 0.500781 0.0796875 0.0734375 0.776855
0 0.561328 0.502344 0.0820312 0.0734375 0.84668
1 0.561328 0.500781 0.0804687 0.071875 0.830566
0 0.563281 0.500781 0.0796875 0.071875 0.697754
1 0.562891 0.501172 0.0804688 0.0726563 0.500977
0 0.560938 0.500781 0.0796875 0.0734375 0.562988
1 0.561719 0.500781 0.0828125 0.0734375 0.520508
0 0.561719 0.499609 0.0765625 0.0742188 0.891602
1 0.560938 0.500781 0.0765625 0.0703125 0.793945
1 0.560938 0.501172 0.078125 0.071875 0.897949
1 0.562109 0.501562 0.0796875 0.0671875 0.895996
1 0.5625 0.500781 0.0796875 0.0703125 0.808594
0 0.560938 0.500781 0.0757812 0.0734375 0.601074
0 0.5625 0.501563 0.0765625 0.0703125 0.844238
0 0.561719 0.500781 0.0773437 0.0703125 0.746094
1 0.563281 0.500781 0.078125 0.071875 0.680176
0 0.5625 0.500781 0.078125 0.0703125 0.506836
0 0.560938 0.501172 0.075 0.0671875 0.84668
0 0.561719 0.5 0.0796875 0.0734375 0.76416
1 0.5625 0.501172 0.0796875 0.0726563 0.730469
0 0.560938 0.499609 0.0796875 0.0742188 0.741699
1 0.561719 0.500391 0.0828125 0.0757813 0.518555
0 0.5625 0.498828 0.0789062 0.071875 0.855469
0 0.5625 0.499219 0.0804688 0.0734375 0.791992
1 0.562109 0.500391 0.0804687 0.06875 0.830566
1 0.561719 0.502344 0.0796875 0.071875 0.685059
0 0.561719 0.502344 0.078125 0.071875 0.548828
1 0.563281 0.500781 0.0796875 0.071875 0.737793
0 0.5625 0.501563 0.0734375 0.0703125 0.563965
0 0.562109 0.500391 0.0742188 0.0710937 0.680176
0 0.560938 0.501563 0.0757812 0.0703125 0.694336
0 0.5625 0.501562 0.0773438 0.0710937 0.755859
0 0.560156 0.502344 0.075 0.0695312 0.848145
0 0.561719 0.5 0.0765625 0.0703125 0.921387
1 0.560547 0.501563 0.078125 0.0703125 0.78125
0 0.560938 0.501562 0.075 0.0695313 0.762695
1 0.561719 0.500781 0.0765625 0.071875 0.795898
0 0.561719 0.500781 0.0765625 0.0703125 0.734863
0 0.563281 0.500781 0.0765625 0.06875 0.75293
1 0.564062 0.500781 0.0773438 0.0695313 0.517578
0 0.560547 0.500781 0.0742188 0.0703125 0.810059
1 0.561719 0.502344 0.0796875 0.071875 0.848145
0 0.560938 0.501953 0.078125 0.0710938 0.732422
0 0.5625 0.501172 0.0796875 0.071875 0.91748
0 0.560938 0.501172 0.0773438 0.071875 0.913086
0 0.560938 0.501563 0.078125 0.071875 0.893066
0 0.561719 0.501563 0.0734375 0.0703125 0.789062
1 0.559766 0.501563 0.0757812 0.0703125 0.854004
1 0.560938 0.501172 0.078125 0.0710938 0.778809
0 0.5625 0.501172 0.0789062 0.0710938 0.709961
1 0.561719 0.501563 0.078125 0.071875 0.59082
1 0.560938 0.502344 0.0765625 0.0703125 0.786621
1 0.563672 0.500781 0.0773437 0.0703125 0.830078
0 0.5625 0.501172 0.0765625 0.0710938 0.700195
1 0.563281 0.5 0.078125 0.0734375 0.749023
0 0.563281 0.499609 0.078125 0.0742188 0.682617
1 0.561719 0.500391 0.078125 0.071875 0.800781
1 0.5625 0.500781 0.0796875 0.0734375 0.817383
1 0.561719 0.501563 0.078125 0.071875 0.720215
1 0.561719 0.501562 0.0796875 0.0726562 0.824219
1 0.561719 0.501563 0.078125 0.071875 0.680664
0 0.5625 0.500781 0.0796875 0.071875 0.833008
0 0.563281 0.500391 0.08125 0.0710937 0.788086
1 0.5625 0.500781 0.08125 0.0703125 0.505859
0 0.563672 0.501563 0.0789063 0.0703125 0.711426
1 0.5625 0.501563 0.0796875 0.0703125 0.613281
1 0.560938 0.5 0.0796875 0.071875 0.725098
0 0.562109 0.501563 0.0804687 0.071875 0.650391
0 0.561328 0.501563 0.0804687 0.071875 0.692871
1 0.560938 0.5 0.0796875 0.071875 0.658203
1 0.562891 0.5 0.0773438 0.071875 0.84082
1 0.563281 0.500391 0.0765625 0.0726563 0.876465
1 0.561719 0.501563 0.078125 0.0703125 0.859863
0 0.561719 0.499219 0.0757812 0.0726563 0.833984
0 0.562109 0.5 0.075 0.0703125 0.831543
1 0.560938 0.501562 0.078125 0.06875 0.778809
1 0.561719 0.501563 0.078125 0.0703125 0.699219
0 0.561719 0.500781 0.0773437 0.071875 0.632324
0 0.560938 0.500781 0.0757812 0.0703125 0.821777
0 0.560156 0.499609 0.0757813 0.071875 0.881836
0 0.560938 0.5 0.0765625 0.0703125 0.626953
1 0.560938 0.500781 0.0773438 0.0695313 0.529297
0 0.560156 0.500781 0.0765625 0.071875 0.806641
0 0.560938 0.500781 0.078125 0.0703125 0.804199
0 0.560547 0.501563 0.0765625 0.0703125 0.726562
1 0.561719 0.501563 0.078125 0.071875 0.509766
1 0.561719 0.500781 0.0789063 0.0703125 0.859863
1 0.561328 0.5 0.0773438 0.0703125 0.778809
0 0.560938 0.500781 0.0765625 0.0703125 0.542969
1 0.561719 0.501563 0.0789063 0.071875 0.789062
1 0.562109 0.5 0.078125 0.0703125 0.883301
1 0.561719 0.500781 0.0765625 0.0703125 0.869629
1 0.561719 0.500781 0.078125 0.0703125 0.841797
1 0.561328 0.500781 0.0789062 0.0703125 0.853027
1 0.561719 0.501563 0.0796875 0.071875 0.85498
1 0.561719 0.500781 0.0796875 0.071875 0.863281
1 0.561719 0.500781 0.078125 0.0710938 0.853027
1 0.561719 0.501563 0.0789063 0.0703125 0.837402
1 0.561328 0.501563 0.0789062 0.0703125 0.712402
0 0.561328 0.501563 0.0773438 0.0703125 0.638672
0 0.560156 0.500781 0.0765625 0.0703125 0.816406
0 0.560547 0.501563 0.0789062 0.0703125 0.763672
1 0.561719 0.501562 0.0796875 0.06875 0.556641
1 0.561719 0.501953 0.078125 0.0695313 0.666992
0 0.560938 0.501953 0.078125 0.0710938 0.64502
1 0.561719 0.501562 0.078125 0.06875 0.730957
0 0.560938 0.501563 0.078125 0.0703125 0.519531
1 0.561719 0.501563 0.0796875 0.0703125 0.70752
0 0.561719 0.501953 0.078125 0.0703125 0.553711
0 0.561328 0.501562 0.0789062 0.0710937 0.729492
1 0.561328 0.501563 0.0796875 0.0703125 0.624512
0 0.560547 0.501563 0.0773438 0.0703125 0.737305
1 0.560938 0.501562 0.0789062 0.06875 0.611328
0 0.560547 0.500781 0.0773438 0.0703125 0.852051
0 0.561719 0.501563 0.0796875 0.0703125 0.842773
0 0.561328 0.500781 0.0789062 0.06875 0.773438
1 0.560938 0.500781 0.078125 0.0671875 0.571777
0 0.561719 0.500781 0.078125 0.06875 0.758301
1 0.560938 0.500781 0.078125 0.0671875 0.583008
0 0.562109 0.501172 0.0789062 0.0703125 0.793945
1 0.561719 0.501562 0.0789063 0.06875 0.539062
0 0.561719 0.501562 0.078125 0.06875 0.756836
1 0.561719 0.501562 0.0789063 0.06875 0.622559
1 0.561719 0.501562 0.0796875 0.0671875 0.767578
0 0.560938 0.501562 0.0773438 0.0671875 0.561035
1 0.561719 0.501562 0.0796875 0.06875 0.794434
1 0.561719 0.502344 0.0796875 0.0703125 0.822266
1 0.561719 0.501953 0.0789063 0.0695313 0.817383
1 0.561719 0.501562 0.0796875 0.06875 0.746094
0 0.561719 0.501953 0.078125 0.06875 0.52832
0 0.561719 0.501562 0.0789063 0.06875 0.809082
1 0.561719 0.501562 0.0796875 0.06875 0.517578
0 0.561719 0.501562 0.078125 0.0695313 0.854004
0 0.562109 0.501563 0.0789062 0.0703125 0.788086
1 0.561719 0.501172 0.0796875 0.0695312 0.624512
1 0.561328 0.501562 0.0796875 0.06875 0.756348
0 0.561719 0.501562 0.0796875 0.0695313 0.606934
1 0.561328 0.501562 0.0796875 0.06875 0.753418
0 0.561719 0.501563 0.0796875 0.0703125 0.597168
0 0.561719 0.500781 0.0789063 0.0703125 0.753418
1 0.561719 0.501172 0.0796875 0.0695312 0.581543
0 0.561719 0.500781 0.078125 0.0703125 0.844727
0 0.561328 0.500781 0.0789062 0.0703125 0.861328
0 0.560938 0.500781 0.0796875 0.0703125 0.851074
0 0.560938 0.500781 0.0796875 0.0703125 0.834473
0 0.560938 0.501172 0.0796875 0.0703125 0.820801
0 0.560938 0.501563 0.0789062 0.0703125 0.835449
0 0.560938 0.501563 0.078125 0.0703125 0.839844
0 0.560938 0.501172 0.0789062 0.0703125 0.841797
0 0.560938 0.501563 0.0796875 0.0703125 0.811523
1 0.560938 0.501563 0.0796875 0.0703125 0.503906
0 0.560938 0.501563 0.0796875 0.0703125 0.804199
1 0.560938 0.501562 0.0796875 0.0695313 0.511719
0 0.560547 0.501563 0.0765625 0.0703125 0.727051
1 0.561719 0.501563 0.078125 0.071875 0.507812
