1 0.439063 0.525391 0.278125 0.349219 0.562988
1 0.375391 0.311328 0.0773437 0.0796875 0.72168
0 0.376172 0.311328 0.0773438 0.0773437 0.585938
0 0.380371 0.315234 0.0830078 0.0828125 0.524414
0 0.378516 0.310547 0.0804688 0.0757813 0.800781
1 0.378906 0.3125 0.0804687 0.0757813 0.737305
1 0.378516 0.310156 0.0796875 0.075 0.501953
1 0.378027 0.309375 0.0767578 0.0742188 0.521484
1 0.376953 0.311523 0.0835938 0.0757813 0.510742
1 0.377734 0.306055 0.0789063 0.0757813 0.581543
1 0.377734 0.309375 0.0789063 0.0734375 0.546875
1 0.380078 0.310547 0.08125 0.078125 0.647949
1 0.37959 0.308984 0.0798828 0.0773437 0.589844
0 0.379297 0.310547 0.0835938 0.0773438 0.523438
1 0.379297 0.309375 0.0820312 0.0765625 0.50293
1 0.378809 0.310937 0.0845703 0.078125 0.578613
1 0.378906 0.310938 0.0796875 0.0757813 0.762207
1 0.380078 0.310352 0.0773438 0.0789063 0.592773
1 0.377344 0.310547 0.0804687 0.0800781 0.671387
1 0.376953 0.308984 0.0835938 0.0757813 0.87207
1 0.376465 0.310938 0.0861328 0.0789063 0.85498
1 0.377734 0.309766 0.084375 0.0808594 0.816406
1 0.378125 0.310156 0.0859375 0.0796875 0.848145
1 0.379687 0.30957 0.084375 0.0746094 0.86084
1 0.378516 0.310547 0.0851563 0.0773438 0.818848
1 0.378906 0.310938 0.0828125 0.0789063 0.883789
1 0.377441 0.311719 0.0826172 0.0730469 0.854492
1 0.378125 0.310547 0.0851563 0.0785156 0.838379
1 0.377441 0.309766 0.0794922 0.0796875 0.706543
1 0.377441 0.30957 0.0826172 0.0761719 0.75
1 0.377344 0.308594 0.0820312 0.0796875 0.872559
1 0.378027 0.310938 0.0845703 0.0765625 0.901855
1 0.377441 0.310156 0.0810547 0.0765625 0.795898
1 0.378223 0.310156 0.0779297 0.0773438 0.6875
1 0.378125 0.310938 0.0796875 0.075 0.603027
1 0.378516 0.308789 0.0796875 0.0757813 0.819824
1 0.378906 0.30957 0.0796875 0.0777344 0.79834
1 0.379004 0.30918 0.0794922 0.0765625 0.78125
1 0.378125 0.310938 0.078125 0.0765625 0.813965
1 0.376953 0.310156 0.0765625 0.0742188 0.586914
1 0.377734 0.310547 0.0765625 0.075 0.775879
1 0.379004 0.309766 0.0763672 0.0765625 0.79834
1 0.376172 0.311328 0.0796875 0.0757813 0.759277
1 0.376172 0.309766 0.0835938 0.0757813 0.792969
1 0.377246 0.310547 0.0830078 0.0734375 0.715332
1 0.37959 0.310156 0.0783203 0.0769531 0.683594
1 0.378516 0.30957 0.0796875 0.0753906 0.728516
1 0.379688 0.310547 0.078125 0.078125 0.924316
1 0.379785 0.311328 0.0794922 0.0804687 0.88916
1 0.379297 0.311133 0.0820312 0.0792969 0.888184
1 0.37959 0.310156 0.0798828 0.0796875 0.909668
1 0.379688 0.30957 0.078125 0.0792969 0.880371
1 0.378906 0.310156 0.0796875 0.0804688 0.779297
1 0.378516 0.30918 0.0789062 0.0761719 0.75293
1 0.379687 0.309375 0.0796875 0.0789063 0.86084
1 0.378125 0.310352 0.0828125 0.0785156 0.896484
1 0.378516 0.309766 0.08125 0.078125 0.917969
1 0.378906 0.309375 0.0804687 0.0789063 0.899414
1 0.379297 0.308984 0.0796875 0.0773437 0.843262
1 0.377734 0.310156 0.0796875 0.078125 0.841309
1 0.378125 0.310742 0.0796875 0.0785156 0.646973
0 0.377734 0.311328 0.0789063 0.0761719 0.543945
1 0.375879 0.309766 0.0826172 0.0800781 0.861816
1 0.376953 0.309766 0.08125 0.0804687 0.865723
1 0.377734 0.310547 0.08125 0.0789062 0.945801
1 0.377734 0.310938 0.08125 0.0796875 0.91748
1 0.378809 0.311719 0.0798828 0.0785156 0.92041
1 0.379297 0.310156 0.078125 0.0804688 0.890625
1 0.379687 0.311719 0.0773437 0.0796875 0.796387
1 0.378125 0.311719 0.0789062 0.0777344 0.851562
1 0.378906 0.311523 0.0742188 0.0777344 0.891602
1 0.378516 0.310938 0.0773438 0.0769531 0.842285
1 0.378906 0.311133 0.0789062 0.0773438 0.831543
1 0.379297 0.310547 0.0804687 0.0789062 0.849609
1 0.380078 0.310156 0.0804687 0.0789062 0.887695
1 0.380371 0.310156 0.0783203 0.0765625 0.932617
1 0.379687 0.309766 0.0804687 0.0804687 0.923828
1 0.380078 0.309766 0.0789062 0.0765625 0.924805
1 0.379688 0.309961 0.078125 0.075 0.938477
1 0.380078 0.308984 0.0789062 0.075 0.963379
1 0.379688 0.310156 0.078125 0.0773438 0.831543
1 0.377734 0.310938 0.0820312 0.0765625 0.840332
1 0.378125 0.310156 0.0804687 0.078125 0.904297
1 0.37959 0.30918 0.0783203 0.0769531 0.904297
1 0.378125 0.309961 0.0796875 0.0769531 0.887207
1 0.378906 0.309375 0.0789062 0.0769531 0.873047
1 0.377344 0.310547 0.08125 0.0773438 0.929199
1 0.378516 0.310937 0.08125 0.078125 0.931152
1 0.380078 0.310156 0.0804687 0.0765625 0.939453
1 0.379004 0.310742 0.0794922 0.0777344 0.874023
1 0.378809 0.311523 0.0814453 0.0789062 0.898438
1 0.376563 0.310742 0.0820312 0.0777344 0.887207
1 0.377441 0.311523 0.0794922 0.0777344 0.839355
1 0.376563 0.310937 0.0789062 0.078125 0.746094
1 0.377344 0.310937 0.0820312 0.078125 0.790039
1 0.378906 0.309375 0.0804687 0.0777344 0.85791
1 0.378516 0.310352 0.0804688 0.078125 0.907227
1 0.379297 0.310352 0.08125 0.078125 0.891602
1 0.37959 0.309961 0.0798828 0.0773437 0.856934
1 0.378809 0.310156 0.0798828 0.078125 0.867188
1 0.380078 0.309766 0.0796875 0.0789062 0.895508
1 0.379785 0.310742 0.0794922 0.0792969 0.893066
1 0.379004 0.310156 0.0810547 0.0785156 0.882324
1 0.378906 0.310156 0.0804687 0.078125 0.867188
1 0.377441 0.311328 0.0810547 0.0773437 0.830078
1 0.379004 0.309766 0.0826172 0.0785156 0.863281
1 0.377344 0.311133 0.0804687 0.0753906 0.868652
1 0.378027 0.310547 0.0830078 0.0757813 0.863281
1 0.378125 0.309375 0.08125 0.0796875 0.895508
1 0.378125 0.309375 0.08125 0.0785156 0.905762
1 0.377246 0.310352 0.0830078 0.0785156 0.915527
1 0.377734 0.310937 0.0820312 0.078125 0.901367
1 0.377441 0.311133 0.0810547 0.0773438 0.883301
1 0.377734 0.311523 0.0820312 0.0769531 0.870605
1 0.378906 0.310938 0.0820312 0.0765625 0.888672
1 0.378906 0.310938 0.08125 0.0765625 0.901855
1 0.378125 0.311328 0.0820312 0.0765625 0.901855
1 0.378516 0.309961 0.08125 0.0792969 0.858887
1 0.378516 0.310937 0.08125 0.078125 0.866211
1 0.378223 0.310547 0.0826172 0.0773438 0.874023
1 0.378125 0.309766 0.0804687 0.0773438 0.81543
1 0.379785 0.310156 0.0794922 0.0773438 0.675781
0 0.378223 0.310547 0.0794922 0.0765625 0.655762
0 0.378125 0.309961 0.0796875 0.0785156 0.724121
1 0.378906 0.310547 0.0804687 0.0789062 0.592773
1 0.379004 0.310547 0.0810547 0.078125 0.85791
1 0.378125 0.310938 0.0820312 0.0796875 0.878906
1 0.378516 0.310938 0.0820312 0.0789063 0.878906
1 0.377344 0.310547 0.0804687 0.0796875 0.88623
1 0.379687 0.310938 0.0804687 0.0789063 0.89502
1 0.379297 0.310156 0.0804687 0.0792969 0.894043
1 0.379297 0.310938 0.08125 0.0796875 0.895508
1 0.379297 0.310156 0.0820312 0.0789062 0.927734
1 0.378906 0.310938 0.08125 0.0792969 0.923828
1 0.379004 0.310938 0.0810547 0.0789063 0.912598
1 0.378516 0.310547 0.08125 0.0773438 0.914062
1 0.378125 0.311328 0.0820312 0.0796875 0.90918
1 0.378906 0.310938 0.08125 0.0796875 0.916016
1 0.379004 0.310156 0.0810547 0.0789062 0.919434
1 0.379004 0.310547 0.0810547 0.0789062 0.903809
1 0.377734 0.310547 0.0804687 0.0773438 0.864258
1 0.377734 0.310156 0.0820312 0.0777344 0.850098
1 0.378125 0.310742 0.0820312 0.0777344 0.867188
1 0.378809 0.310938 0.0798828 0.0789063 0.887207
1 0.377734 0.309375 0.0796875 0.0761719 0.888672
1 0.377734 0.310156 0.0804687 0.0765625 0.897461
1 0.377344 0.310156 0.0804687 0.0773438 0.888184
1 0.376953 0.309961 0.0796875 0.0769531 0.890137
1 0.377734 0.310156 0.0804687 0.0765625 0.880859
1 0.378125 0.310547 0.08125 0.0765625 0.872559
1 0.378906 0.310156 0.0804687 0.0761719 0.875
1 0.378906 0.310156 0.0804687 0.0765625 0.871582
1 0.378125 0.310547 0.08125 0.0789062 0.849121
1 0.378809 0.310547 0.0814453 0.0773438 0.869629
1 0.378906 0.310156 0.08125 0.0765625 0.918945
1 0.378906 0.310156 0.0820312 0.0773438 0.917969
1 0.379297 0.310547 0.0820312 0.0789062 0.903809
1 0.379297 0.310156 0.0820312 0.078125 0.907227
1 0.378906 0.309766 0.0820312 0.0773438 0.905762
1 0.379004 0.309961 0.0826172 0.0777344 0.900391
1 0.379004 0.309961 0.0826172 0.0785156 0.89502
1 0.378516 0.310156 0.0820312 0.0785156 0.896484
1 0.378516 0.310156 0.0820312 0.078125 0.895508
1 0.379004 0.310156 0.0826172 0.0777344 0.88623
1 0.378906 0.309766 0.0820312 0.0773438 0.888184
1 0.379297 0.309375 0.08125 0.0773437 0.898438
1 0.379004 0.309375 0.0810547 0.0773437 0.892578
1 0.377734 0.30957 0.08125 0.078125 0.884766
1 0.377734 0.30957 0.08125 0.0777344 0.884277
1 0.378125 0.309375 0.0804687 0.0773437 0.88623
1 0.378125 0.309375 0.0804687 0.078125 0.888672
1 0.378125 0.309375 0.0804687 0.078125 0.892578
1 0.378125 0.30918 0.0804687 0.0777344 0.89502
1 0.378125 0.30918 0.0804687 0.0777344 0.896484
1 0.378223 0.30918 0.0810547 0.0773438 0.899902
1 0.377344 0.310547 0.0804687 0.0796875 0.88623
