0 0.310352 0.322461 0.158984 0.118359 0.674805
1 0.310352 0.322461 0.158984 0.118359 0.672363
0 0.315625 0.324219 0.1625 0.123437 0.786133
0 0.315234 0.325 0.161719 0.127344 0.770508
1 0.315234 0.325 0.161719 0.127344 0.655762
0 0.31875 0.326563 0.157813 0.123437 0.808594
1 0.31875 0.326563 0.157813 0.123437 0.786133
1 0.316602 0.321094 0.163672 0.114844 0.74707
0 0.316602 0.321094 0.163672 0.114844 0.629883
0 0.314648 0.321094 0.153516 0.120312 0.648926
1 0.315039 0.321875 0.152734 0.11875 0.600098
0 0.317187 0.320117 0.158594 0.115234 0.561035
0 0.31875 0.321484 0.1625 0.117969 0.516602
1 0.31875 0.321484 0.1625 0.117969 0.510742
0 0.316602 0.321094 0.162109 0.116406 0.614258
0 0.316797 0.321484 0.160938 0.121094 0.64502
0 0.318359 0.320508 0.165625 0.121484 0.513672
1 0.318359 0.320508 0.165625 0.121484 0.512695
1 0.317383 0.325781 0.169922 0.123438 0.562988
1 0.316406 0.324609 0.167187 0.125 0.603027
1 0.319141 0.323633 0.167969 0.123047 0.612305
0 0.314844 0.322852 0.166406 0.116797 0.558105
1 0.316406 0.323047 0.165625 0.117969 0.543945
0 0.317383 0.324805 0.163672 0.117578 0.668945
1 0.31543 0.321289 0.166797 0.119922 0.577637
1 0.318359 0.321875 0.167969 0.117969 0.620605
1 0.315625 0.323438 0.1625 0.116406 0.666992
1 0.314844 0.325977 0.165625 0.115234 0.598145
1 0.314453 0.320312 0.165625 0.117969 0.705566
1 0.314453 0.323438 0.164062 0.117969 0.828613
1 0.315625 0.32168 0.165625 0.120703 0.900391
1 0.315625 0.322266 0.169531 0.122656 0.907227
1 0.316797 0.322656 0.169531 0.121875 0.836426
1 0.316406 0.325977 0.173438 0.123047 0.773438
1 0.315625 0.323438 0.171875 0.119531 0.798828
1 0.315625 0.320703 0.172656 0.116406 0.733887
1 0.316211 0.321289 0.162891 0.118359 0.660156
1 0.318359 0.320312 0.158594 0.117188 0.716797
1 0.314648 0.322656 0.166797 0.120312 0.912109
1 0.315234 0.323438 0.160938 0.121875 0.876953
1 0.315625 0.323047 0.169531 0.124219 0.811035
1 0.313867 0.323242 0.166016 0.120703 0.843262
1 0.312695 0.323047 0.165234 0.125 0.844238
1 0.315625 0.323828 0.165625 0.124219 0.882812
1 0.313672 0.324609 0.164844 0.127344 0.833008
1 0.31582 0.322266 0.159766 0.125 0.887695
1 0.314844 0.322656 0.1625 0.122656 0.822754
1 0.313281 0.323047 0.165625 0.121094 0.856445
1 0.315625 0.325781 0.166406 0.125 0.853516
1 0.31543 0.324023 0.168359 0.121484 0.935547
1 0.314063 0.32207 0.16875 0.123047 0.924316
1 0.31582 0.321094 0.167578 0.125 0.842285
1 0.315234 0.322266 0.164063 0.120313 0.780762
1 0.316602 0.321484 0.162891 0.11875 0.861328
1 0.315234 0.322266 0.166406 0.124219 0.89502
1 0.317578 0.320898 0.163281 0.118359 0.864258
1 0.314453 0.323633 0.164844 0.120703 0.816406
1 0.316797 0.323828 0.167969 0.120313 0.837402
1 0.317383 0.322266 0.162109 0.117969 0.855957
1 0.314453 0.320312 0.166406 0.114062 0.823242
1 0.314063 0.321484 0.164062 0.119531 0.824219
1 0.315234 0.321484 0.1625 0.124219 0.856934
1 0.316797 0.321484 0.163281 0.119531 0.897461
1 0.315625 0.322461 0.1625 0.123047 0.878418
1 0.315234 0.324023 0.163281 0.121484 0.754883
1 0.313477 0.323438 0.168359 0.117969 0.730957
1 0.316797 0.321484 0.163281 0.11875 0.736328
1 0.316797 0.321875 0.164062 0.121094 0.839844
1 0.314648 0.323047 0.163672 0.121094 0.841797
1 0.314453 0.322266 0.164062 0.121094 0.864258
1 0.316016 0.322656 0.166406 0.124219 0.885254
1 0.31875 0.32207 0.165625 0.120703 0.908203
1 0.315234 0.32207 0.159375 0.120703 0.958008
1 0.316797 0.321875 0.161719 0.119531 0.90625
1 0.316406 0.322266 0.164062 0.122656 0.927734
1 0.316797 0.322461 0.165625 0.123047 0.903809
1 0.317383 0.323047 0.168359 0.120312 0.896484
1 0.316016 0.321094 0.164844 0.11875 0.880371
1 0.316406 0.32168 0.1625 0.116016 0.911621
1 0.316602 0.320898 0.161328 0.118359 0.940918
1 0.317188 0.32168 0.164063 0.116797 0.894531
1 0.315039 0.323242 0.166797 0.120703 0.887695
1 0.316992 0.323242 0.166016 0.121484 0.912598
1 0.316797 0.323438 0.164062 0.117969 0.94043
1 0.31543 0.323047 0.166016 0.11875 0.928711
1 0.316797 0.323047 0.167969 0.120312 0.910645
1 0.316016 0.320898 0.167969 0.122266 0.912109
1 0.317187 0.320898 0.163281 0.117578 0.922363
1 0.317188 0.320312 0.164063 0.117969 0.872559
1 0.317188 0.320703 0.164844 0.117969 0.894531
1 0.317188 0.321875 0.164844 0.120313 0.887695
1 0.317187 0.320117 0.165625 0.117578 0.89502
1 0.316406 0.321875 0.165625 0.120313 0.89502
1 0.317187 0.322656 0.169531 0.121875 0.897461
1 0.315234 0.322656 0.1625 0.121094 0.895996
1 0.316406 0.32168 0.1625 0.119922 0.916992
1 0.316406 0.322461 0.163281 0.120703 0.92334
1 0.316797 0.32207 0.163281 0.119922 0.914062
1 0.314063 0.323633 0.163281 0.121484 0.904297
1 0.31543 0.323047 0.165234 0.121875 0.919434
1 0.31543 0.321094 0.169141 0.116406 0.92041
1 0.314453 0.322656 0.165625 0.11875 0.900879
1 0.313672 0.323828 0.166406 0.122656 0.90918
1 0.313672 0.322266 0.163281 0.120313 0.929688
1 0.316797 0.321094 0.164062 0.117969 0.914062
1 0.316797 0.321484 0.164062 0.117188 0.888184
1 0.31543 0.322266 0.162891 0.120313 0.762207
0 0.317188 0.321094 0.164063 0.117188 0.633301
1 0.316602 0.321484 0.162891 0.120313 0.580566
1 0.316211 0.321484 0.161328 0.119531 0.881348
1 0.317383 0.321289 0.163672 0.119141 0.903809
1 0.317187 0.319922 0.163281 0.114844 0.916504
1 0.314453 0.321289 0.165625 0.116016 0.911621
1 0.315234 0.320508 0.166406 0.117578 0.935547
1 0.315234 0.32168 0.166406 0.118359 0.93457
1 0.315625 0.320703 0.167969 0.120312 0.90918
1 0.316992 0.321484 0.165234 0.121875 0.916016
1 0.31582 0.322266 0.165234 0.121875 0.911133
1 0.316406 0.322656 0.166406 0.122656 0.924805
1 0.31582 0.322852 0.163672 0.118359 0.925293
1 0.316406 0.322266 0.164844 0.117188 0.905273
1 0.316797 0.320703 0.164844 0.119531 0.910645
1 0.316016 0.320703 0.165625 0.11875 0.916016
1 0.315234 0.321484 0.166406 0.120313 0.90918
1 0.316211 0.32207 0.164453 0.120703 0.918945
1 0.315625 0.321094 0.164063 0.117969 0.930664
1 0.315625 0.320703 0.165625 0.116406 0.92627
1 0.31582 0.320703 0.165234 0.117969 0.925293
1 0.316016 0.320703 0.165625 0.117969 0.911621
1 0.316016 0.321875 0.166406 0.11875 0.90332
1 0.316211 0.321484 0.163672 0.11875 0.914062
1 0.315625 0.322266 0.164063 0.119531 0.898438
1 0.315039 0.322461 0.167578 0.119141 0.935547
1 0.315234 0.321094 0.167969 0.11875 0.933594
1 0.315625 0.321484 0.164063 0.11875 0.896973
1 0.315625 0.322266 0.164844 0.122656 0.833496
1 0.317578 0.321484 0.165625 0.11875 0.92627
1 0.316016 0.321875 0.166406 0.11875 0.909668
1 0.315234 0.321875 0.16875 0.11875 0.908203
1 0.314648 0.323047 0.165234 0.121875 0.94043
1 0.314844 0.323047 0.167969 0.121875 0.95166
1 0.314844 0.321094 0.166406 0.11875 0.932617
1 0.315234 0.322266 0.166406 0.120313 0.907227
1 0.315234 0.32207 0.166406 0.120703 0.914062
1 0.314453 0.322656 0.164844 0.121094 0.937012
1 0.314844 0.321484 0.165625 0.11875 0.954102
1 0.314648 0.320898 0.165234 0.117578 0.94873
1 0.314844 0.321875 0.164844 0.119531 0.931641
1 0.31543 0.32168 0.164453 0.119922 0.928223
1 0.31543 0.321289 0.165234 0.119141 0.950195
1 0.31582 0.321289 0.166016 0.118359 0.955566
1 0.31543 0.321484 0.166797 0.119531 0.939941
1 0.314844 0.321094 0.165625 0.11875 0.915039
1 0.314258 0.321484 0.166797 0.11875 0.902832
1 0.314063 0.321289 0.166406 0.119141 0.913086
1 0.314063 0.320898 0.167969 0.119922 0.942383
1 0.314258 0.321094 0.168359 0.120312 0.951172
1 0.314453 0.319922 0.166406 0.121094 0.944336
1 0.314063 0.319922 0.164062 0.11875 0.936523
1 0.313672 0.320703 0.164063 0.117969 0.917969
1 0.314453 0.32168 0.166406 0.119141 0.935059
1 0.314453 0.321094 0.165625 0.117969 0.944336
1 0.315039 0.321094 0.165234 0.117969 0.951172
1 0.31543 0.321094 0.166016 0.119531 0.940918
1 0.315234 0.321094 0.166406 0.11875 0.930176
1 0.315234 0.320703 0.166406 0.117969 0.926758
1 0.315234 0.320898 0.167187 0.119141 0.930176
1 0.31543 0.321484 0.166797 0.120313 0.938477
1 0.315234 0.321484 0.166406 0.119531 0.944824
1 0.314844 0.321094 0.167969 0.11875 0.946777
1 0.315039 0.321094 0.168359 0.11875 0.944336
1 0.316016 0.321875 0.16875 0.121094 0.933594
1 0.316016 0.322266 0.16875 0.121094 0.931152
1 0.314844 0.321484 0.167969 0.11875 0.944824
1 0.314844 0.321289 0.167969 0.119141 0.943359
1 0.315039 0.321289 0.166797 0.119141 0.947754
1 0.315234 0.321094 0.166406 0.119531 0.943359
1 0.314844 0.321484 0.167187 0.119531 0.941895
1 0.314453 0.321289 0.167969 0.119922 0.941895
1 0.314258 0.321289 0.167578 0.119141 0.942383
1 0.314453 0.321094 0.167187 0.11875 0.946777
1 0.314453 0.321094 0.167187 0.11875 0.947754
1 0.314453 0.321094 0.167187 0.11875 0.947266
1 0.314453 0.321094 0.167187 0.11875 0.94873
1 0.314648 0.321094 0.166797 0.11875 0.953125
1 0.314844 0.321289 0.166406 0.119141 0.956543
1 0.314648 0.323047 0.165234 0.121875 0.94043
