1 0.406641 0.578906 0.121875 0.0703125 0.515625
0 0.403125 0.579687 0.126563 0.071875 0.533203
0 0.404004 0.576563 0.126367 0.0765625 0.561035
1 0.402344 0.576563 0.127344 0.075 0.790039
1 0.400391 0.580469 0.128906 0.0757812 0.901855
1 0.400879 0.582422 0.12793 0.0789062 0.841797
1 0.401953 0.583594 0.128125 0.0765625 0.759277
1 0.402734 0.582813 0.126563 0.0765625 0.653809
0 0.403516 0.580469 0.128906 0.0804688 0.618652
0 0.403809 0.577344 0.123633 0.0820312 0.57373
1 0.406152 0.576563 0.120508 0.078125 0.577637
1 0.403125 0.582031 0.128125 0.071875 0.622559
0 0.403516 0.583594 0.125781 0.071875 0.542969
1 0.403809 0.58125 0.125195 0.075 0.743164
1 0.402734 0.58125 0.125781 0.0734375 0.705078
0 0.402734 0.579297 0.126563 0.0773437 0.652344
1 0.404785 0.580859 0.129492 0.075 0.616211
1 0.405371 0.585156 0.131445 0.071875 0.793945
1 0.404785 0.582422 0.131055 0.071875 0.784668
1 0.403125 0.584375 0.127344 0.06875 0.695312
1 0.404297 0.58125 0.123437 0.06875 0.541992
1 0.403516 0.582813 0.126563 0.075 0.751465
1 0.404688 0.579687 0.124219 0.0734375 0.731934
1 0.402734 0.578125 0.125781 0.078125 0.529297
1 0.404687 0.579687 0.128906 0.071875 0.585938
1 0.403516 0.582813 0.128906 0.0671875 0.651367
1 0.386328 0.583203 0.096875 0.0546875 0.504883
1 0.377734 0.585938 0.0757813 0.0578125 0.524414
1 0.405859 0.583203 0.13125 0.0695312 0.617676
1 0.406152 0.584375 0.131445 0.0671875 0.756836
1 0.407031 0.582813 0.132031 0.0734375 0.660156
0 0.403906 0.576563 0.124219 0.0828125 0.662109
0 0.403223 0.576563 0.12793 0.08125 0.564941
0 0.402734 0.578906 0.130469 0.0765625 0.554688
1 0.403125 0.582031 0.130469 0.0695313 0.641602
1 0.404688 0.582031 0.13125 0.071875 0.818359
1 0.405371 0.580078 0.131445 0.0757812 0.78125
1 0.403516 0.580469 0.128125 0.0773438 0.818359
1 0.403516 0.578125 0.129687 0.0796875 0.691895
1 0.403223 0.577344 0.129492 0.0828125 0.715332
1 0.403125 0.579297 0.126563 0.0765625 0.883789
1 0.402734 0.579687 0.125781 0.0765625 0.879395
1 0.402734 0.582031 0.129688 0.0734375 0.880371
1 0.402246 0.580469 0.129883 0.0773438 0.856445
1 0.403027 0.580078 0.131445 0.0742188 0.745605
1 0.401953 0.578906 0.13125 0.078125 0.783203
1 0.403125 0.580078 0.130469 0.0789062 0.754395
1 0.402344 0.582422 0.128906 0.0726563 0.676758
1 0.402734 0.579688 0.130469 0.078125 0.771973
1 0.403223 0.580078 0.131055 0.0773438 0.813477
1 0.402344 0.576953 0.132031 0.084375 0.712891
0 0.404004 0.577734 0.131055 0.0835938 0.699219
0 0.404297 0.577344 0.130469 0.0859375 0.725586
1 0.404297 0.578125 0.134375 0.0796875 0.577637
1 0.403906 0.580469 0.134375 0.0765625 0.798828
1 0.403516 0.579297 0.133594 0.0773437 0.828613
1 0.402344 0.579687 0.130469 0.0796875 0.759766
1 0.401953 0.578906 0.132031 0.0789062 0.720215
1 0.400879 0.580859 0.129492 0.0757813 0.773438
1 0.401953 0.577344 0.128125 0.08125 0.726562
1 0.401953 0.578516 0.127344 0.0804688 0.806152
1 0.402344 0.575781 0.127344 0.084375 0.73877
1 0.40166 0.578516 0.12793 0.0804688 0.836914
1 0.402246 0.578125 0.129883 0.0820312 0.841309
1 0.405371 0.578125 0.12832 0.0804688 0.827148
1 0.404004 0.578516 0.12793 0.0804688 0.795898
1 0.40459 0.577734 0.129883 0.08125 0.8125
1 0.403125 0.577344 0.128906 0.08125 0.843262
1 0.403516 0.577344 0.130469 0.0820312 0.734863
1 0.401953 0.577734 0.128125 0.08125 0.581543
1 0.402441 0.577734 0.131055 0.0804687 0.8125
1 0.403125 0.577344 0.129688 0.0796875 0.833008
1 0.403516 0.577344 0.128906 0.08125 0.822754
1 0.404297 0.576563 0.130469 0.08125 0.790527
1 0.402344 0.578906 0.129687 0.0804687 0.732422
1 0.401563 0.580078 0.132812 0.0820312 0.747559
1 0.402246 0.575781 0.133008 0.084375 0.8125
1 0.402344 0.576563 0.132031 0.08125 0.831543
1 0.404004 0.576172 0.132617 0.0804688 0.755859
1 0.404004 0.576563 0.131055 0.08125 0.789062
1 0.403516 0.578906 0.133594 0.078125 0.811523
1 0.403809 0.576172 0.133008 0.0828125 0.818848
1 0.402246 0.578516 0.129883 0.0796875 0.762695
1 0.402441 0.578906 0.131055 0.078125 0.753418
1 0.400879 0.580859 0.126367 0.0765625 0.810547
1 0.400781 0.580469 0.125 0.0765625 0.833496
1 0.40166 0.579297 0.129492 0.0757812 0.796875
1 0.402734 0.579687 0.129688 0.075 0.812988
1 0.402441 0.578125 0.131055 0.0765625 0.813965
1 0.401953 0.578906 0.130469 0.0765625 0.790527
1 0.402344 0.578906 0.128906 0.078125 0.801758
1 0.402734 0.577344 0.128906 0.0796875 0.812988
1 0.403027 0.578906 0.129883 0.078125 0.834473
1 0.403125 0.576563 0.128125 0.08125 0.823242
1 0.402441 0.578125 0.12793 0.0820312 0.86084
1 0.402344 0.578125 0.129687 0.0820312 0.863281
1 0.403125 0.576172 0.129688 0.084375 0.858887
1 0.403516 0.576953 0.128906 0.0828125 0.842773
1 0.403125 0.576172 0.13125 0.084375 0.803223
1 0.403516 0.575781 0.132031 0.0828125 0.796875
1 0.402344 0.575781 0.132031 0.0828125 0.769531
1 0.401465 0.575781 0.131445 0.08125 0.81543
1 0.401953 0.577344 0.132031 0.0828125 0.862305
1 0.402246 0.577734 0.133008 0.0804687 0.859863
1 0.402246 0.577734 0.131445 0.0796875 0.830078
1 0.403027 0.579688 0.131445 0.078125 0.794922
1 0.402734 0.579297 0.13125 0.0757812 0.806641
1 0.402344 0.578906 0.13125 0.0773438 0.854004
1 0.402734 0.577734 0.130469 0.0789062 0.891113
1 0.401953 0.578125 0.13125 0.0765625 0.876465
1 0.403125 0.578125 0.130469 0.078125 0.832031
1 0.403906 0.577344 0.128906 0.0796875 0.827637
1 0.403809 0.576563 0.12832 0.0796875 0.85791
1 0.404297 0.577344 0.128906 0.0789063 0.870605
1 0.403809 0.578125 0.12832 0.078125 0.862305
1 0.403516 0.578125 0.128125 0.0796875 0.825684
1 0.404004 0.578906 0.12793 0.0796875 0.819824
1 0.403516 0.578125 0.127344 0.0796875 0.833496
1 0.403223 0.578125 0.129492 0.0796875 0.878418
1 0.403125 0.578906 0.130469 0.0789062 0.915527
1 0.402734 0.578125 0.130469 0.08125 0.924316
1 0.402734 0.578516 0.128906 0.0796875 0.922852
1 0.403027 0.578125 0.12832 0.0796875 0.904785
1 0.403906 0.578125 0.129687 0.0796875 0.890137
1 0.404004 0.577344 0.12793 0.0796875 0.848145
1 0.404297 0.577344 0.126563 0.0804688 0.85498
1 0.404004 0.578125 0.129492 0.0828125 0.889648
1 0.403516 0.578125 0.129687 0.08125 0.888184
1 0.403516 0.578125 0.130469 0.0796875 0.868164
1 0.403906 0.578125 0.130469 0.0796875 0.85791
1 0.403906 0.578516 0.130469 0.08125 0.877441
1 0.403809 0.578516 0.129883 0.0804688 0.879883
1 0.403516 0.578516 0.129687 0.0804688 0.878906
1 0.403027 0.578516 0.129883 0.0804688 0.887207
1 0.403516 0.578125 0.130469 0.08125 0.887207
1 0.403516 0.578125 0.130469 0.08125 0.881836
1 0.403125 0.578125 0.130469 0.0796875 0.877441
1 0.403516 0.578125 0.130469 0.08125 0.877441
1 0.403906 0.578125 0.129687 0.08125 0.88623
1 0.403906 0.577734 0.129687 0.0820312 0.888672
1 0.403906 0.578125 0.128906 0.0828125 0.891113
1 0.403516 0.578125 0.129687 0.0828125 0.884766
1 0.403516 0.578125 0.128906 0.0828125 0.876465
1 0.403516 0.578125 0.128906 0.0828125 0.873047
1 0.404004 0.578125 0.129492 0.0828125 0.875977
1 0.403906 0.578125 0.128906 0.0828125 0.876465
1 0.403906 0.578125 0.128906 0.0828125 0.874023
1 0.403906 0.578125 0.128906 0.08125 0.874023
1 0.403906 0.578125 0.128906 0.08125 0.879883
1 0.401953 0.577344 0.132031 0.0828125 0.862305
