0 0.608594 0.5625 0.123438 0.122656 0.62793
1 0.608594 0.5625 0.123438 0.122656 0.589844
1 0.604688 0.559375 0.11875 0.115625 0.769043
0 0.604688 0.5625 0.120312 0.115625 0.740723
0 0.608203 0.564453 0.124219 0.116406 0.764648
1 0.607813 0.563281 0.123438 0.120313 0.596191
0 0.604688 0.560938 0.121875 0.115625 0.65918
1 0.604688 0.560938 0.121875 0.115625 0.625
1 0.607031 0.561328 0.11875 0.114844 0.833496
0 0.607031 0.561328 0.11875 0.114844 0.810059
1 0.605859 0.557813 0.121094 0.115625 0.723145
0 0.605469 0.559375 0.123438 0.115625 0.552734
0 0.608203 0.560938 0.115625 0.115625 0.533203
0 0.609375 0.560938 0.123438 0.11875 0.637695
0 0.608594 0.560938 0.126562 0.120313 0.513672
0 0.608594 0.560938 0.120312 0.110937 0.598145
0 0.607813 0.5625 0.121875 0.120313 0.545898
1 0.608984 0.563281 0.121875 0.11875 0.501953
0 0.608594 0.563281 0.121875 0.117188 0.637207
1 0.609766 0.560938 0.121094 0.120313 0.715332
1 0.609375 0.563672 0.120313 0.117969 0.750488
1 0.608594 0.562109 0.116406 0.117188 0.774414
0 0.608203 0.562891 0.123437 0.122656 0.64502
1 0.608203 0.562891 0.123437 0.122656 0.503906
1 0.610156 0.560156 0.121875 0.115625 0.574707
0 0.608594 0.561719 0.125 0.120312 0.568848
1 0.610156 0.560938 0.125 0.117969 0.833496
1 0.610937 0.560156 0.123437 0.121094 0.849121
1 0.608203 0.5625 0.126563 0.11875 0.765625
1 0.608594 0.560938 0.123438 0.117188 0.696777
1 0.610937 0.561328 0.120313 0.117188 0.708008
1 0.610156 0.563281 0.123437 0.120313 0.727051
1 0.610156 0.5625 0.115625 0.121875 0.644043
0 0.610156 0.562109 0.126563 0.11875 0.716797
0 0.609375 0.562891 0.120313 0.116406 0.645996
1 0.607813 0.562109 0.11875 0.117969 0.578613
0 0.610937 0.561719 0.121875 0.115625 0.535156
1 0.608594 0.560156 0.121875 0.117188 0.613281
1 0.609375 0.560156 0.11875 0.117188 0.661133
0 0.608594 0.560547 0.120312 0.117188 0.545898
1 0.608594 0.560938 0.120312 0.117188 0.678223
0 0.609766 0.5625 0.121875 0.115625 0.702637
1 0.607813 0.559766 0.120313 0.119531 0.632324
1 0.609375 0.561328 0.121875 0.119531 0.730957
1 0.609375 0.560938 0.123438 0.117969 0.819336
1 0.609766 0.560547 0.120313 0.119531 0.73584
1 0.609375 0.560938 0.120313 0.119531 0.678223
0 0.610937 0.5625 0.120313 0.115625 0.574707
0 0.611328 0.561719 0.116406 0.114063 0.610352
1 0.607031 0.560156 0.120313 0.121094 0.804199
1 0.608594 0.561719 0.11875 0.115625 0.710449
1 0.608594 0.561719 0.117969 0.117188 0.539062
1 0.610156 0.562109 0.11875 0.116406 0.619629
1 0.610937 0.564062 0.114062 0.11875 0.833496
1 0.607422 0.563281 0.121094 0.11875 0.737305
1 0.610156 0.563281 0.117188 0.11875 0.867188
1 0.610547 0.561328 0.11875 0.117188 0.835449
1 0.610547 0.560938 0.122656 0.113281 0.897461
1 0.610547 0.561719 0.122656 0.123438 0.856934
1 0.613281 0.563281 0.120313 0.117188 0.646973
1 0.611719 0.563281 0.121875 0.117188 0.728027
1 0.610547 0.5625 0.117969 0.11875 0.784668
1 0.609766 0.564844 0.117969 0.120313 0.804199
1 0.609375 0.563672 0.121875 0.122656 0.823242
1 0.608594 0.561719 0.123438 0.11875 0.86377
1 0.608203 0.562891 0.119531 0.120313 0.885254
1 0.608203 0.560938 0.121875 0.119531 0.865723
1 0.609375 0.560938 0.119531 0.11875 0.865723
1 0.608594 0.5625 0.121875 0.11875 0.928711
1 0.607813 0.5625 0.11875 0.121875 0.909668
1 0.607422 0.561328 0.121094 0.117969 0.82373
1 0.607813 0.560938 0.120313 0.121875 0.928711
1 0.609375 0.561719 0.117188 0.120312 0.885254
0 0.607813 0.562891 0.11875 0.119531 0.554688
1 0.608984 0.561719 0.119531 0.120312 0.897461
1 0.610547 0.562109 0.122656 0.120313 0.942871
1 0.609766 0.561719 0.124219 0.120312 0.873535
1 0.610938 0.562109 0.121094 0.119531 0.915039
1 0.610156 0.561719 0.125 0.123438 0.903809
1 0.609766 0.561719 0.119531 0.120312 0.925293
1 0.608203 0.560547 0.121094 0.122656 0.841309
1 0.609375 0.561719 0.120313 0.120312 0.868164
1 0.609375 0.5625 0.121875 0.121875 0.910645
1 0.609375 0.560938 0.121094 0.11875 0.914062
1 0.609375 0.5625 0.11875 0.11875 0.857422
1 0.610156 0.560547 0.11875 0.117188 0.914551
1 0.608594 0.560938 0.117188 0.117188 0.917969
1 0.610156 0.5625 0.115625 0.11875 0.912598
1 0.607813 0.5625 0.121094 0.11875 0.878906
1 0.608594 0.562109 0.11875 0.117188 0.875488
1 0.608203 0.5625 0.116406 0.116406 0.899414
1 0.609375 0.562891 0.11875 0.120313 0.910645
1 0.610937 0.561719 0.123437 0.11875 0.924316
1 0.607813 0.5625 0.117188 0.11875 0.914551
1 0.609375 0.562891 0.117969 0.119531 0.919434
1 0.607813 0.561328 0.117969 0.116406 0.939941
1 0.609375 0.561719 0.120313 0.117969 0.927246
1 0.608594 0.561719 0.11875 0.11875 0.911621
1 0.609375 0.563281 0.121875 0.120313 0.904297
1 0.609375 0.561719 0.11875 0.120312 0.916992
1 0.607813 0.5625 0.117188 0.119531 0.918945
1 0.608594 0.5625 0.11875 0.121094 0.907715
1 0.609766 0.5625 0.115625 0.121875 0.908203
1 0.608594 0.5625 0.116406 0.120313 0.898926
1 0.609375 0.561328 0.11875 0.121094 0.907715
1 0.608984 0.5625 0.119531 0.121875 0.893555
1 0.608594 0.561328 0.123438 0.121094 0.873047
1 0.610156 0.562109 0.121875 0.122656 0.881836
1 0.609375 0.5625 0.125 0.121875 0.911621
1 0.610156 0.5625 0.123437 0.121875 0.91748
1 0.608203 0.562891 0.119531 0.120313 0.908203
1 0.607813 0.562109 0.123438 0.120313 0.887207
1 0.608594 0.561719 0.121875 0.121875 0.879883
1 0.608203 0.561719 0.121875 0.120312 0.883301
1 0.608203 0.5625 0.121094 0.120313 0.901855
1 0.609375 0.5625 0.117188 0.120313 0.914062
1 0.608594 0.560938 0.11875 0.11875 0.918457
1 0.608594 0.561719 0.120312 0.11875 0.913574
1 0.610156 0.561719 0.11875 0.11875 0.921875
1 0.609766 0.561719 0.120313 0.119531 0.915527
1 0.608594 0.5625 0.125 0.117188 0.906738
1 0.608594 0.561719 0.121875 0.120312 0.892578
1 0.609375 0.563281 0.117188 0.121094 0.895508
1 0.608594 0.562891 0.120312 0.119531 0.901855
1 0.609375 0.561719 0.11875 0.120312 0.90332
1 0.609375 0.5625 0.117188 0.117188 0.901855
1 0.608594 0.561328 0.120312 0.119531 0.917969
1 0.609375 0.561719 0.120313 0.11875 0.928711
1 0.608203 0.5625 0.119531 0.117969 0.919434
1 0.608203 0.561719 0.119531 0.117188 0.914062
1 0.608594 0.5625 0.119531 0.120313 0.926758
1 0.608594 0.561719 0.121875 0.11875 0.935059
1 0.608203 0.560938 0.120313 0.117188 0.894043
1 0.608594 0.5625 0.119531 0.120313 0.869629
1 0.607813 0.561719 0.121875 0.119531 0.878418
1 0.607813 0.561719 0.120313 0.120312 0.916016
1 0.609375 0.561328 0.119531 0.119531 0.933105
1 0.608984 0.560938 0.11875 0.117188 0.917969
1 0.608984 0.5625 0.119531 0.117188 0.887207
1 0.609375 0.562109 0.11875 0.11875 0.884277
1 0.609375 0.561719 0.11875 0.117188 0.912598
1 0.610156 0.561719 0.120313 0.117188 0.925781
1 0.609375 0.563281 0.120313 0.11875 0.914062
1 0.608984 0.5625 0.119531 0.11875 0.892578
1 0.608594 0.562891 0.120312 0.117969 0.891113
1 0.608984 0.5625 0.119531 0.120313 0.908203
1 0.610156 0.561719 0.120313 0.120312 0.938965
1 0.610156 0.5625 0.121094 0.120313 0.944336
1 0.608984 0.562109 0.120313 0.119531 0.928711
1 0.608594 0.562109 0.11875 0.117969 0.920898
1 0.607813 0.5625 0.11875 0.11875 0.909668
1 0.608984 0.5625 0.121094 0.120313 0.905273
1 0.608594 0.561719 0.120312 0.120312 0.911133
1 0.608594 0.562109 0.11875 0.119531 0.917969
1 0.609375 0.5625 0.11875 0.121094 0.917969
1 0.608594 0.562109 0.120312 0.119531 0.917969
1 0.608594 0.561719 0.121094 0.11875 0.921387
1 0.609375 0.5625 0.120313 0.11875 0.916016
1 0.608984 0.563281 0.119531 0.120313 0.918945
1 0.608594 0.5625 0.11875 0.11875 0.923828
1 0.608594 0.5625 0.120312 0.117188 0.930176
1 0.608984 0.5625 0.119531 0.117969 0.935059
1 0.609375 0.5625 0.119531 0.11875 0.935059
1 0.609375 0.562109 0.11875 0.119531 0.932617
1 0.608984 0.561719 0.11875 0.11875 0.932129
1 0.609375 0.561719 0.11875 0.11875 0.928223
1 0.609375 0.561719 0.11875 0.120312 0.936523
1 0.609375 0.561719 0.11875 0.120312 0.93457
1 0.608984 0.562109 0.119531 0.119531 0.927246
1 0.608594 0.562109 0.120312 0.119531 0.922363
1 0.608203 0.562109 0.119531 0.11875 0.922852
1 0.608594 0.562109 0.11875 0.11875 0.926758
1 0.608594 0.561719 0.11875 0.11875 0.927734
1 0.608594 0.561719 0.11875 0.11875 0.931152
1 0.608594 0.561719 0.11875 0.119531 0.931641
1 0.608594 0.561719 0.11875 0.119531 0.932129
1 0.608594 0.561719 0.11875 0.11875 0.935059
1 0.608594 0.5625 0.120312 0.120313 0.92627
