0 0.475 0.302344 0.0953125 0.107031 0.57666
1 0.479297 0.298438 0.0921875 0.112891 0.513672
1 0.477344 0.3 0.0859375 0.114063 0.6875
1 0.479688 0.298047 0.090625 0.1125 0.754883
1 0.478125 0.299219 0.0875 0.109766 0.67334
1 0.478125 0.299219 0.0859375 0.114063 0.651367
1 0.473828 0.303516 0.0890625 0.110938 0.772461
1 0.476953 0.298438 0.0953125 0.104688 0.84668
1 0.466016 0.297656 0.122656 0.124219 0.833496
1 0.478906 0.303906 0.0953125 0.121094 0.689941
1 0.477734 0.306641 0.0953125 0.110156 0.748535
1 0.477344 0.302539 0.0914063 0.111328 0.770996
1 0.478516 0.298828 0.0898438 0.1125 0.67334
1 0.479297 0.300781 0.0984375 0.103906 0.759766
1 0.476562 0.299609 0.0875 0.110938 0.622559
1 0.478906 0.298438 0.104687 0.121094 0.762207
1 0.476953 0.306055 0.0921875 0.102734 0.679199
1 0.473828 0.300391 0.0929687 0.115625 0.628906
1 0.476562 0.302344 0.090625 0.105469 0.741699
1 0.475781 0.303516 0.090625 0.0976562 0.796387
1 0.475781 0.304688 0.0859375 0.1 0.843262
1 0.472656 0.304102 0.078125 0.104297 0.78418
1 0.477344 0.301953 0.084375 0.101953 0.769531
1 0.478125 0.300391 0.0859375 0.113281 0.715332
1 0.478125 0.296875 0.0921875 0.114062 0.836914
1 0.477344 0.300391 0.090625 0.109375 0.762695
1 0.478125 0.305078 0.0875 0.0976562 0.716797
1 0.473828 0.305859 0.0867188 0.0976562 0.775391
1 0.473047 0.303125 0.0789062 0.101562 0.524414
1 0.478516 0.297656 0.1 0.119531 0.538086
1 0.478906 0.302344 0.096875 0.105469 0.705566
1 0.478906 0.304492 0.0984375 0.0996094 0.731934
1 0.479688 0.304297 0.09375 0.0976562 0.667969
1 0.484766 0.301563 0.0914063 0.109375 0.592773
1 0.482031 0.299609 0.096875 0.107031 0.705566
1 0.472656 0.304492 0.071875 0.0980469 0.711426
1 0.471484 0.303711 0.0820312 0.102734 0.804199
1 0.473438 0.298047 0.107031 0.113281 0.708984
1 0.478516 0.299609 0.0960937 0.113281 0.686035
1 0.474219 0.304297 0.101563 0.105469 0.559082
1 0.474609 0.304688 0.0921875 0.1 0.708008
1 0.477344 0.303125 0.096875 0.107422 0.676758
1 0.478125 0.299609 0.1 0.114063 0.619629
1 0.477344 0.303906 0.0984375 0.107812 0.80127
1 0.476953 0.305469 0.0953125 0.101562 0.720215
1 0.472656 0.305859 0.0890625 0.0992188 0.587891
1 0.472656 0.300195 0.0890625 0.116797 0.598145
1 0.479297 0.300391 0.0867188 0.111719 0.589844
1 0.476562 0.304883 0.0835937 0.0980469 0.788574
1 0.477344 0.302734 0.084375 0.104688 0.762695
1 0.472656 0.300586 0.0953125 0.110938 0.826172
1 0.473438 0.300391 0.096875 0.114453 0.866699
1 0.480469 0.304102 0.0984375 0.103516 0.569824
1 0.475 0.303906 0.0953125 0.0984375 0.709961
1 0.473438 0.300977 0.0851563 0.105859 0.791992
1 0.477344 0.300391 0.08125 0.104688 0.76416
1 0.471875 0.302539 0.0953125 0.105469 0.750488
1 0.473438 0.302734 0.0890625 0.10625 0.698242
1 0.478125 0.303516 0.0953125 0.103906 0.814453
1 0.478125 0.304688 0.0914063 0.0945312 0.796387
1 0.469531 0.302539 0.0828125 0.101953 0.802734
1 0.471094 0.301562 0.0835938 0.104687 0.691895
1 0.476562 0.301367 0.0914062 0.114453 0.789062
1 0.479297 0.301172 0.096875 0.110938 0.833008
1 0.478125 0.301562 0.09375 0.110938 0.84668
1 0.480469 0.301563 0.1 0.109375 0.840332
1 0.48125 0.301953 0.0984375 0.108594 0.760742
1 0.482031 0.299609 0.09375 0.107031 0.760742
1 0.477734 0.3 0.0898438 0.104688 0.84668
1 0.479688 0.298242 0.0921875 0.106641 0.794434
1 0.478125 0.303516 0.0921875 0.103125 0.79834
1 0.478125 0.302344 0.09375 0.107031 0.802734
1 0.476562 0.3 0.103125 0.108594 0.810059
1 0.467188 0.299609 0.120312 0.1125 0.774414
1 0.477344 0.300586 0.10625 0.112891 0.79834
1 0.469141 0.298828 0.111719 0.114844 0.805176
1 0.477344 0.297656 0.09375 0.114063 0.782715
1 0.474219 0.298047 0.0859375 0.110156 0.75293
1 0.476953 0.301953 0.090625 0.101562 0.786133
1 0.475781 0.301367 0.0890625 0.104297 0.776855
1 0.471875 0.301953 0.0851562 0.106641 0.819336
1 0.475781 0.301562 0.0921875 0.109766 0.82959
1 0.474219 0.30293 0.0875 0.107422 0.867676
1 0.470703 0.305469 0.0859375 0.104687 0.873535
1 0.478125 0.303125 0.096875 0.108594 0.882812
1 0.476562 0.304688 0.09375 0.105469 0.869141
1 0.475 0.302344 0.0921875 0.107813 0.818848
1 0.478125 0.300391 0.090625 0.111719 0.84375
1 0.475781 0.302344 0.0875 0.109375 0.847168
1 0.478125 0.302344 0.0921875 0.110156 0.878418
1 0.476562 0.303125 0.0921875 0.107813 0.862305
1 0.476562 0.301953 0.1 0.108594 0.823242
1 0.472656 0.300195 0.0953125 0.112109 0.744629
1 0.471875 0.298047 0.0859375 0.110937 0.691895
1 0.471875 0.3 0.08125 0.104688 0.775391
1 0.471094 0.301563 0.0796875 0.103516 0.813965
1 0.469531 0.300391 0.0835938 0.109375 0.856934
1 0.472656 0.301172 0.0898438 0.107031 0.856934
1 0.473438 0.303125 0.0875 0.101953 0.842773
1 0.472266 0.305469 0.0898438 0.0992188 0.858887
1 0.473828 0.303906 0.0953125 0.105078 0.844727
1 0.476562 0.298633 0.090625 0.111328 0.771973
1 0.477734 0.299609 0.0875 0.110938 0.791016
1 0.476953 0.299805 0.0921875 0.111328 0.865234
1 0.476562 0.299219 0.0921875 0.114844 0.867188
1 0.475781 0.300781 0.0898438 0.111719 0.85791
1 0.472656 0.300781 0.0828125 0.110156 0.847168
1 0.473047 0.300977 0.0828125 0.106641 0.847168
1 0.473437 0.301172 0.0828125 0.104687 0.869629
1 0.475781 0.301367 0.0914063 0.106641 0.873047
1 0.475781 0.301367 0.0921875 0.109375 0.878906
1 0.475 0.301563 0.0921875 0.109375 0.801758
1 0.474219 0.300586 0.0890625 0.108203 0.801758
1 0.475781 0.301563 0.0921875 0.109375 0.831055
1 0.474219 0.301367 0.0875 0.10625 0.813965
1 0.472266 0.301953 0.0851563 0.106641 0.884277
1 0.474219 0.300391 0.0890625 0.107813 0.926758
1 0.473438 0.300391 0.0875 0.105859 0.916016
1 0.475 0.301953 0.090625 0.107812 0.875
1 0.474219 0.301562 0.0898438 0.108594 0.829102
1 0.472656 0.300977 0.0859375 0.106641 0.831055
1 0.472656 0.302734 0.0875 0.104297 0.820801
1 0.475 0.304883 0.090625 0.101562 0.856934
1 0.475781 0.304297 0.090625 0.100391 0.84082
1 0.477344 0.305273 0.09375 0.100391 0.848145
1 0.475781 0.305273 0.090625 0.101172 0.862305
1 0.471875 0.305469 0.0859375 0.101562 0.880859
1 0.473437 0.30625 0.0921875 0.103125 0.895508
1 0.475 0.305078 0.096875 0.105469 0.864258
1 0.474219 0.304688 0.0953125 0.105469 0.848145
1 0.474609 0.303516 0.0929688 0.106641 0.84082
1 0.478125 0.303125 0.0953125 0.10625 0.842773
1 0.476562 0.301953 0.0921875 0.101562 0.813965
1 0.475 0.302344 0.090625 0.100781 0.822266
1 0.475 0.303125 0.0921875 0.103906 0.838867
1 0.474219 0.303125 0.0890625 0.102344 0.834473
1 0.475 0.302344 0.090625 0.101562 0.82666
1 0.477344 0.302344 0.09375 0.104688 0.839844
1 0.477344 0.30293 0.09375 0.108203 0.848145
1 0.476562 0.304102 0.0921875 0.105859 0.849121
1 0.475 0.304297 0.090625 0.103906 0.842773
1 0.475 0.304688 0.090625 0.104688 0.868164
1 0.475 0.303906 0.0921875 0.105469 0.885742
1 0.475 0.303711 0.090625 0.105859 0.880859
1 0.476172 0.303125 0.09375 0.106641 0.876465
1 0.476562 0.302344 0.09375 0.107813 0.874023
1 0.478125 0.301953 0.09375 0.107812 0.890137
1 0.478125 0.303125 0.0929688 0.106641 0.906738
1 0.477344 0.304688 0.0914063 0.105469 0.907227
1 0.476562 0.305078 0.090625 0.104687 0.900391
1 0.476562 0.304883 0.0921875 0.104297 0.897461
1 0.476562 0.304492 0.0921875 0.104297 0.898926
1 0.477344 0.303906 0.0921875 0.105469 0.905273
1 0.477344 0.303516 0.0929688 0.10625 0.908203
1 0.477344 0.303125 0.09375 0.10625 0.908691
1 0.477344 0.30332 0.09375 0.105859 0.908691
1 0.477734 0.303516 0.09375 0.105469 0.911133
1 0.475781 0.301367 0.0914063 0.109375 0.878906
