1 0.646484 0.406641 0.0929688 0.153906 0.562988
0 0.646484 0.406641 0.0929688 0.153906 0.537109
0 0.644922 0.408594 0.096875 0.146094 0.566895
1 0.64375 0.408984 0.1 0.146875 0.585938
1 0.646875 0.411328 0.104688 0.150781 0.556641
0 0.656641 0.441797 0.071875 0.0804687 0.562988
1 0.646875 0.412109 0.0953125 0.151563 0.602051
1 0.645313 0.411035 0.0953125 0.149805 0.543945
1 0.646094 0.410254 0.0984375 0.148242 0.559082
1 0.644531 0.410937 0.096875 0.149219 0.524414
1 0.646094 0.408984 0.096875 0.151562 0.541992
1 0.645313 0.410156 0.0960937 0.148438 0.614258
1 0.644531 0.410547 0.096875 0.146094 0.850586
1 0.64375 0.408203 0.0960938 0.145312 0.935059
1 0.642578 0.409277 0.101562 0.148633 0.939941
1 0.644531 0.408594 0.0976562 0.151562 0.810547
1 0.644531 0.410059 0.100781 0.148633 0.789062
1 0.647656 0.406934 0.0976562 0.148633 0.722656
1 0.646094 0.409766 0.096875 0.15 0.810059
1 0.64375 0.410937 0.1 0.15 0.704102
0 0.645313 0.410937 0.090625 0.153125 0.664551
1 0.644141 0.407813 0.100781 0.153906 0.506836
1 0.646484 0.411035 0.0992187 0.14668 0.887695
1 0.644141 0.409766 0.096875 0.153125 0.762695
1 0.645313 0.408594 0.096875 0.15 0.852539
1 0.646484 0.378223 0.0960938 0.0904297 0.555664
1 0.646094 0.411328 0.0976562 0.150781 0.865723
1 0.646094 0.411719 0.102344 0.15 0.902832
0 0.646875 0.408496 0.096875 0.15332 0.687012
1 0.644141 0.411328 0.0960937 0.150781 0.562988
1 0.645313 0.413184 0.0953125 0.14707 0.586914
1 0.643359 0.411328 0.0953125 0.149219 0.629883
1 0.644141 0.410156 0.09375 0.15 0.775391
1 0.64375 0.411035 0.0960938 0.149805 0.79248
1 0.642969 0.409766 0.096875 0.148438 0.773438
1 0.639453 0.37959 0.090625 0.0876953 0.580566
1 0.648047 0.430469 0.0898438 0.110938 0.513672
1 0.645313 0.408496 0.0921875 0.145508 0.721191
1 0.65 0.434766 0.0828125 0.100781 0.67041
1 0.640234 0.380566 0.0835938 0.0919922 0.663574
1 0.64375 0.40791 0.0953125 0.148242 0.825684
1 0.644531 0.40459 0.0953125 0.137695 0.822266
1 0.641406 0.38125 0.0875 0.0914063 0.754395
1 0.645313 0.408691 0.0945312 0.14668 0.757812
1 0.646094 0.411719 0.0953125 0.148438 0.645996
0 0.64375 0.411719 0.1 0.146094 0.560059
1 0.645312 0.411719 0.09375 0.153125 0.744141
1 0.644922 0.410938 0.0953125 0.152344 0.82666
1 0.644531 0.411621 0.096875 0.150195 0.877441
1 0.644922 0.411328 0.0976562 0.152344 0.885742
1 0.645313 0.411719 0.0953125 0.153125 0.881836
1 0.644531 0.411621 0.096875 0.151758 0.821777
1 0.642578 0.408984 0.096875 0.149219 0.876953
1 0.644922 0.411328 0.0953125 0.150781 0.779785
1 0.642187 0.412109 0.1 0.150781 0.87793
1 0.64375 0.411719 0.096875 0.15 0.791992
1 0.644141 0.411328 0.09375 0.15 0.8125
1 0.645313 0.385938 0.0953125 0.0992188 0.658203
1 0.643359 0.394629 0.0898438 0.120117 0.774414
1 0.644531 0.410156 0.09375 0.15 0.845215
1 0.646094 0.410059 0.09375 0.15332 0.859375
1 0.644531 0.410938 0.09375 0.152344 0.755859
1 0.644141 0.407422 0.096875 0.146875 0.826172
1 0.64375 0.37959 0.0921875 0.0908203 0.556641
1 0.644531 0.408691 0.096875 0.149805 0.862793
1 0.644531 0.409473 0.0953125 0.148242 0.855469
1 0.64375 0.410059 0.09375 0.150195 0.737793
1 0.644531 0.410937 0.0960938 0.147656 0.821777
1 0.644141 0.409375 0.0976562 0.147656 0.86084
1 0.644531 0.409375 0.0960938 0.144531 0.858398
1 0.641406 0.383984 0.0890625 0.096875 0.622559
1 0.642969 0.406641 0.0953125 0.146094 0.82959
1 0.639844 0.379687 0.0867188 0.0921875 0.635254
1 0.644922 0.40791 0.09375 0.14668 0.820312
1 0.641797 0.382422 0.0867188 0.0945312 0.569824
1 0.642969 0.410254 0.0953125 0.149805 0.845215
1 0.64375 0.410254 0.096875 0.149805 0.860352
1 0.645313 0.410547 0.0953125 0.149219 0.842285
1 0.644922 0.410547 0.0953125 0.15 0.831543
1 0.644141 0.411328 0.096875 0.152344 0.826172
1 0.641797 0.382031 0.0914062 0.0960937 0.62793
1 0.646094 0.409473 0.0945312 0.151367 0.841309
1 0.644531 0.379297 0.0921875 0.0914063 0.563965
1 0.644531 0.410547 0.0953125 0.15 0.862793
1 0.644531 0.410547 0.0960938 0.148438 0.859375
1 0.64375 0.409375 0.0953125 0.145312 0.879395
1 0.64375 0.410547 0.0960938 0.149219 0.897461
1 0.644531 0.410156 0.0984375 0.150781 0.885254
1 0.644531 0.409766 0.096875 0.152344 0.826172
1 0.646094 0.409375 0.096875 0.150781 0.838379
1 0.644141 0.409375 0.0960937 0.15 0.876953
1 0.64375 0.409375 0.0984375 0.15 0.844238
1 0.644531 0.410156 0.096875 0.149219 0.694336
1 0.646094 0.408984 0.096875 0.152344 0.875977
1 0.646094 0.409473 0.0953125 0.149805 0.86084
1 0.645703 0.409766 0.0945313 0.150781 0.84668
1 0.645313 0.411328 0.096875 0.15 0.849609
1 0.644922 0.412109 0.0960938 0.15 0.851562
1 0.64375 0.411328 0.0960938 0.149219 0.872559
1 0.645313 0.410059 0.0953125 0.150195 0.883789
1 0.644141 0.410937 0.0953125 0.149219 0.883789
1 0.644531 0.41084 0.0960938 0.14707 0.878906
1 0.645703 0.4125 0.09375 0.148438 0.834473
1 0.644531 0.413281 0.0953125 0.15 0.89502
1 0.644531 0.412598 0.0953125 0.149805 0.899902
1 0.64375 0.411719 0.0953125 0.147656 0.891113
1 0.64375 0.410059 0.0984375 0.148633 0.874023
1 0.644141 0.409473 0.096875 0.149805 0.868652
1 0.64375 0.409473 0.0976562 0.148242 0.884766
1 0.644141 0.408496 0.0992188 0.14707 0.885742
1 0.645703 0.410156 0.0960938 0.15 0.879883
1 0.642969 0.410547 0.096875 0.15 0.892578
1 0.642578 0.410547 0.0984375 0.149219 0.900391
1 0.644531 0.410547 0.0984375 0.148438 0.901855
1 0.643359 0.411035 0.0984375 0.148242 0.897461
1 0.642187 0.411816 0.0984375 0.14668 0.892578
1 0.642969 0.411035 0.096875 0.148242 0.866211
1 0.644141 0.411816 0.0953125 0.148242 0.875977
1 0.64375 0.411035 0.096875 0.148242 0.871582
1 0.64375 0.410156 0.0953125 0.149219 0.876465
1 0.644141 0.411328 0.0945312 0.147656 0.862305
1 0.644141 0.409766 0.0960937 0.151563 0.871582
1 0.645313 0.409277 0.096875 0.150195 0.888672
1 0.644531 0.408691 0.096875 0.149805 0.913086
1 0.644141 0.408496 0.0976562 0.148633 0.92627
1 0.644531 0.408496 0.096875 0.150195 0.930664
1 0.644922 0.408203 0.0976562 0.150781 0.932129
1 0.644531 0.409277 0.0976562 0.150195 0.88623
1 0.644141 0.410156 0.0984375 0.15 0.868164
1 0.64375 0.409277 0.0984375 0.148633 0.893066
1 0.64375 0.410059 0.0984375 0.148633 0.933105
1 0.64375 0.409277 0.0984375 0.148633 0.949219
1 0.643359 0.408594 0.0976562 0.148438 0.936523
1 0.64375 0.410059 0.0984375 0.148633 0.913574
1 0.644141 0.410156 0.0960937 0.148438 0.896973
1 0.644531 0.410156 0.0953125 0.148438 0.90332
1 0.645313 0.410547 0.0953125 0.148438 0.917969
1 0.644922 0.41084 0.0953125 0.150195 0.901855
1 0.644141 0.410254 0.0953125 0.151367 0.854004
1 0.644531 0.410156 0.096875 0.151563 0.854004
1 0.644531 0.409766 0.0953125 0.151563 0.867188
1 0.644141 0.409375 0.0960937 0.150781 0.923828
1 0.644141 0.410254 0.0976562 0.151367 0.939453
1 0.64375 0.409766 0.096875 0.151563 0.936035
1 0.644141 0.410254 0.0945312 0.151367 0.930176
1 0.643359 0.410156 0.0953125 0.150781 0.92041
1 0.64375 0.410059 0.096875 0.150195 0.921387
1 0.64375 0.409375 0.096875 0.148438 0.924805
1 0.64375 0.409473 0.0953125 0.148242 0.926758
1 0.64375 0.409766 0.0960938 0.149219 0.928223
1 0.64375 0.409277 0.0953125 0.148633 0.926758
1 0.64375 0.409375 0.0953125 0.149219 0.912598
1 0.644141 0.409766 0.0960937 0.15 0.898926
1 0.644141 0.410547 0.0960937 0.150781 0.900391
1 0.644531 0.410547 0.0953125 0.15 0.911133
1 0.644922 0.410547 0.0953125 0.148438 0.927246
1 0.644531 0.41084 0.0953125 0.148633 0.936035
1 0.644531 0.410547 0.096875 0.149219 0.937988
1 0.644141 0.410547 0.096875 0.149219 0.936523
1 0.644141 0.410059 0.096875 0.148633 0.933105
1 0.644141 0.410254 0.096875 0.149805 0.927246
1 0.644531 0.410059 0.0953125 0.150195 0.927734
1 0.644531 0.410059 0.0953125 0.150195 0.92627
1 0.644531 0.410254 0.0953125 0.149805 0.930664
1 0.644531 0.410156 0.0953125 0.149219 0.929199
1 0.644531 0.410059 0.0953125 0.148633 0.92627
1 0.644531 0.409766 0.0953125 0.148438 0.927246
1 0.644531 0.410059 0.0960938 0.148633 0.927246
1 0.644531 0.410059 0.0960938 0.148633 0.928223
1 0.644531 0.409766 0.096875 0.149219 0.927246
1 0.644531 0.410059 0.096875 0.148633 0.927246
1 0.644531 0.410059 0.096875 0.148633 0.928711
1 0.644531 0.408496 0.096875 0.150195 0.930664
