1 0.502734 0.354102 0.0625 0.0753906 0.511719
1 0.502344 0.352734 0.0625 0.08125 0.692871
0 0.500781 0.352539 0.0601563 0.0769531 0.657715
0 0.500781 0.354102 0.0671875 0.0746094 0.70752
1 0.502344 0.354297 0.0609375 0.0757813 0.67334
1 0.503125 0.353906 0.0546875 0.0796875 0.617676
0 0.501562 0.353516 0.059375 0.0789062 0.506836
1 0.500781 0.35625 0.059375 0.075 0.518555
0 0.502344 0.354297 0.0640625 0.0765625 0.624512
1 0.502734 0.355078 0.0648437 0.0789062 0.521484
0 0.501172 0.354297 0.0625 0.0796875 0.790039
1 0.503125 0.354492 0.0671875 0.0800781 0.634277
0 0.5 0.355469 0.0585938 0.078125 0.657715
0 0.501172 0.352734 0.0671875 0.0804687 0.501953
1 0.500781 0.35293 0.071875 0.0792969 0.617676
1 0.501563 0.353906 0.0703125 0.0796875 0.515625
1 0.502344 0.353125 0.06875 0.0773438 0.569824
0 0.500781 0.355859 0.0679688 0.0804687 0.544922
0 0.501172 0.355469 0.0648438 0.0765625 0.745605
1 0.500781 0.355469 0.0671875 0.0773438 0.829102
0 0.500781 0.355469 0.0671875 0.0773438 0.674805
1 0.497656 0.354102 0.0625 0.0800781 0.67334
1 0.502344 0.353125 0.0671875 0.0796875 0.775391
0 0.502344 0.353125 0.0671875 0.0796875 0.63623
1 0.501563 0.354297 0.0640625 0.0765625 0.547852
0 0.502344 0.355078 0.0640625 0.0757812 0.725098
1 0.502734 0.352148 0.06875 0.0808594 0.632324
0 0.502344 0.354883 0.0625 0.0769531 0.53125
1 0.500781 0.354688 0.0609375 0.0765625 0.730957
0 0.500781 0.354688 0.0609375 0.0765625 0.550781
1 0.499609 0.353516 0.0664063 0.0773438 0.712402
1 0.501562 0.35625 0.065625 0.078125 0.833984
1 0.501562 0.351953 0.0671875 0.0789063 0.862793
1 0.501562 0.355078 0.0695313 0.08125 0.841797
0 0.501953 0.354688 0.065625 0.0828125 0.571777
1 0.501562 0.355859 0.065625 0.0765625 0.839844
1 0.500781 0.355273 0.065625 0.0761719 0.797363
1 0.500391 0.353516 0.0617187 0.0742188 0.799316
0 0.499219 0.353516 0.0625 0.0757813 0.562988
1 0.501562 0.354297 0.06875 0.0757813 0.606934
0 0.501172 0.354297 0.0664062 0.0757813 0.53418
0 0.501562 0.355469 0.065625 0.0757813 0.776855
1 0.498828 0.354688 0.0609375 0.0734375 0.760742
1 0.501953 0.353125 0.0734375 0.0804688 0.76416
0 0.5 0.354688 0.059375 0.0765625 0.74707
0 0.501172 0.353711 0.065625 0.0808594 0.504883
0 0.500781 0.355078 0.0648437 0.078125 0.769531
0 0.5 0.354102 0.0640625 0.0800781 0.596191
1 0.501563 0.354883 0.0703125 0.0769531 0.778809
1 0.499609 0.353516 0.06875 0.0757813 0.728516
0 0.500391 0.353906 0.065625 0.0773437 0.577637
1 0.499219 0.353906 0.0671875 0.078125 0.819336
1 0.499609 0.355469 0.065625 0.0796875 0.822754
1 0.499219 0.353906 0.0625 0.0757813 0.880371
1 0.5 0.354492 0.0648437 0.0769531 0.806152
1 0.500781 0.353906 0.0703125 0.0765625 0.786621
1 0.5 0.355469 0.0648437 0.0773438 0.72168
0 0.500781 0.353516 0.0640625 0.0742188 0.62793
1 0.500781 0.355273 0.06875 0.0761719 0.848145
0 0.501953 0.355078 0.0664062 0.075 0.629883
1 0.5 0.356641 0.071875 0.078125 0.599121
1 0.502344 0.355664 0.0671875 0.0785156 0.704102
1 0.501562 0.35625 0.06875 0.0742188 0.626953
1 0.501562 0.355469 0.0671875 0.078125 0.744141
1 0.5 0.353906 0.0695313 0.0773437 0.81543
1 0.501563 0.354688 0.0640625 0.075 0.880371
1 0.501562 0.353516 0.065625 0.0789062 0.848633
1 0.501562 0.354883 0.06875 0.0738281 0.848145
1 0.502344 0.354297 0.0671875 0.0765625 0.788574
1 0.501172 0.354688 0.0632813 0.075 0.840332
1 0.500781 0.354688 0.0671875 0.0765625 0.75
1 0.500781 0.354297 0.0648437 0.0765625 0.945801
1 0.501172 0.353906 0.065625 0.0765625 0.849121
1 0.501562 0.355078 0.06875 0.0742188 0.845703
1 0.501562 0.354297 0.0671875 0.075 0.824219
1 0.500391 0.354688 0.0664063 0.0765625 0.890137
1 0.500781 0.354492 0.065625 0.0769531 0.8125
1 0.500781 0.354492 0.0679688 0.0800781 0.899414
1 0.501172 0.354297 0.065625 0.0789063 0.794922
1 0.501562 0.354297 0.0671875 0.0789063 0.942871
1 0.501563 0.353516 0.0679688 0.0773438 0.885254
1 0.5 0.354297 0.0640625 0.075 0.920898
1 0.499609 0.353516 0.0648437 0.0773438 0.870117
1 0.500391 0.354492 0.0664063 0.0746094 0.891602
1 0.5 0.35332 0.06875 0.0777344 0.897949
0 0.502344 0.353516 0.065625 0.0757813 0.668945
1 0.501562 0.354688 0.0671875 0.0765625 0.822754
1 0.502344 0.355664 0.0671875 0.0777344 0.826172
0 0.502344 0.355859 0.065625 0.0757813 0.719238
1 0.501562 0.353906 0.06875 0.078125 0.723145
0 0.501562 0.354688 0.0671875 0.078125 0.606934
1 0.502344 0.355664 0.065625 0.0769531 0.940918
1 0.501562 0.354492 0.06875 0.0785156 0.946289
1 0.502344 0.354297 0.06875 0.0757813 0.769531
1 0.501172 0.354102 0.0679688 0.0785156 0.900879
1 0.501563 0.354883 0.0664063 0.0761719 0.90625
1 0.501562 0.355859 0.06875 0.078125 0.536133
1 0.502734 0.355078 0.0710938 0.078125 0.587891
1 0.502344 0.354688 0.0679688 0.078125 0.807617
1 0.500781 0.353516 0.0679688 0.0789062 0.815918
1 0.5 0.353906 0.0671875 0.078125 0.798828
1 0.502344 0.353516 0.0671875 0.0765625 0.834961
1 0.5 0.355273 0.0640625 0.0769531 0.90332
1 0.501172 0.354102 0.0664062 0.0785156 0.799316
1 0.501172 0.355859 0.0664062 0.0773437 0.870605
1 0.502344 0.355469 0.0671875 0.0789062 0.858887
1 0.503125 0.355469 0.06875 0.078125 0.760742
0 0.501562 0.354688 0.06875 0.0765625 0.818359
1 0.501562 0.355859 0.0671875 0.0773437 0.881836
1 0.5 0.355469 0.065625 0.075 0.686035
0 0.502734 0.355273 0.0695313 0.0753906 0.72168
0 0.501562 0.354297 0.0671875 0.0757813 0.764648
0 0.501562 0.354102 0.06875 0.0753906 0.721191
1 0.500781 0.354297 0.0640625 0.0742188 0.584961
1 0.499219 0.354688 0.0640625 0.0742188 0.876465
1 0.501562 0.355078 0.06875 0.0765625 0.896484
1 0.500781 0.354883 0.0671875 0.0761719 0.880371
1 0.499609 0.356641 0.0648437 0.0757813 0.805176
1 0.502344 0.353906 0.065625 0.0773437 0.669922
1 0.501562 0.355078 0.065625 0.0773438 0.822754
1 0.500781 0.354688 0.065625 0.0765625 0.844727
0 0.501172 0.354688 0.0671875 0.0757813 0.6875
1 0.500781 0.354883 0.065625 0.0753906 0.877441
1 0.501562 0.354492 0.0671875 0.0761719 0.913086
1 0.5 0.354688 0.0640625 0.0757813 0.741699
1 0.5 0.354297 0.065625 0.0773437 0.896973
1 0.499609 0.355273 0.0648437 0.0769531 0.915039
1 0.5 0.355078 0.065625 0.0757812 0.880859
0 0.500781 0.353516 0.0671875 0.0757813 0.759277
1 0.500781 0.355469 0.065625 0.0734375 0.913574
1 0.499219 0.354297 0.0671875 0.075 0.911133
1 0.5 0.354492 0.0703125 0.0769531 0.855957
1 0.501562 0.354297 0.0671875 0.0757813 0.871582
1 0.500781 0.354688 0.0671875 0.0765625 0.890137
1 0.5 0.355469 0.0671875 0.075 0.884277
0 0.500781 0.35293 0.0671875 0.0785156 0.82373
1 0.500781 0.355078 0.0640625 0.0757812 0.853027
1 0.500391 0.355273 0.065625 0.0761719 0.893066
1 0.500781 0.354688 0.0671875 0.078125 0.873047
1 0.501563 0.355469 0.0679688 0.0773438 0.771973
1 0.500781 0.353516 0.0703125 0.078125 0.641602
1 0.500781 0.354688 0.0664062 0.0757813 0.875977
1 0.500781 0.353125 0.0703125 0.0757812 0.79834
1 0.501563 0.354492 0.0679688 0.0761719 0.862305
1 0.500781 0.355078 0.0671875 0.0765625 0.873047
1 0.500781 0.355078 0.06875 0.0757812 0.901367
1 0.500781 0.354688 0.0671875 0.0773438 0.863281
1 0.501562 0.355078 0.0695313 0.0773438 0.830078
1 0.501562 0.353711 0.0695313 0.0769531 0.912598
1 0.501172 0.354297 0.06875 0.0773437 0.90332
1 0.500781 0.353125 0.0695313 0.078125 0.90918
1 0.5 0.352734 0.0703125 0.0773438 0.85498
1 0.500781 0.354883 0.06875 0.0777344 0.823242
1 0.501562 0.354688 0.06875 0.0773438 0.88623
1 0.501172 0.354297 0.0695312 0.0773437 0.876465
1 0.501563 0.354688 0.0703125 0.0765625 0.888184
1 0.5 0.354297 0.0703125 0.0765625 0.831055
0 0.5 0.354102 0.0695313 0.0753906 0.523438
1 0.501562 0.355078 0.0695313 0.0765625 0.900391
1 0.501562 0.354883 0.06875 0.0769531 0.924805
1 0.501562 0.354297 0.06875 0.0765625 0.902832
1 0.501953 0.355078 0.0695313 0.0765625 0.897461
1 0.501953 0.355078 0.0695313 0.0765625 0.884766
1 0.501562 0.355078 0.06875 0.0765625 0.891113
0 0.500781 0.354492 0.0703125 0.0761719 0.517578
1 0.501562 0.353125 0.06875 0.0765625 0.871582
1 0.501172 0.353125 0.0679688 0.0765625 0.874023
1 0.500781 0.354297 0.0679688 0.0773437 0.856934
1 0.500781 0.354883 0.0671875 0.0761719 0.878906
1 0.5 0.354883 0.0671875 0.0753906 0.895508
1 0.500781 0.354883 0.06875 0.0761719 0.866211
1 0.500781 0.355078 0.06875 0.0773438 0.913086
1 0.501172 0.355078 0.0679688 0.0765625 0.929199
1 0.501172 0.355078 0.0679688 0.0757812 0.922852
1 0.501172 0.355078 0.0679688 0.0765625 0.919434
1 0.500781 0.354883 0.0671875 0.0769531 0.908203
1 0.500781 0.354688 0.0671875 0.0773438 0.904785
1 0.500781 0.354883 0.0671875 0.0761719 0.906738
1 0.500781 0.354688 0.0671875 0.0765625 0.902832
1 0.500781 0.354688 0.0671875 0.0765625 0.88623
1 0.500781 0.354883 0.0671875 0.0761719 0.854004
1 0.501172 0.354688 0.0679688 0.0757813 0.85791
1 0.500781 0.355078 0.0671875 0.0757812 0.864258
1 0.500781 0.354883 0.0671875 0.0753906 0.859863
1 0.500391 0.355078 0.0664063 0.075 0.859863
1 0.5 0.355078 0.0671875 0.075 0.851074
1 0.5 0.354492 0.0679687 0.0761719 0.845703
1 0.5 0.354688 0.0664062 0.075 0.845703
1 0.5 0.354688 0.0664062 0.075 0.861328
1 0.5 0.354688 0.065625 0.075 0.874023
1 0.500781 0.355078 0.0671875 0.0765625 0.873047
