0 0.875 0.482813 0.08125 0.0703125 0.52832
0 0.874219 0.480859 0.0828125 0.0679688 0.562012
0 0.86875 0.488281 0.071875 0.06875 0.557129
0 0.872656 0.481641 0.08125 0.0734375 0.559082
0 0.873438 0.482031 0.084375 0.075 0.797363
0 0.871875 0.482422 0.08125 0.0734375 0.855957
0 0.870313 0.482813 0.084375 0.06875 0.697754
0 0.873438 0.481641 0.084375 0.0742188 0.75
0 0.873438 0.482813 0.0796875 0.0726563 0.859375
0 0.872656 0.48125 0.0875 0.075 0.625977
0 0.873438 0.482422 0.084375 0.071875 0.747559
0 0.873438 0.479688 0.0828125 0.0765625 0.782227
0 0.873438 0.482813 0.084375 0.0695312 0.771973
0 0.871875 0.484375 0.08125 0.06875 0.669922
0 0.871094 0.485156 0.078125 0.065625 0.501953
0 0.873438 0.484375 0.084375 0.0703125 0.578613
0 0.871875 0.485547 0.0765625 0.0664062 0.658203
0 0.873438 0.483984 0.0796875 0.0742188 0.526367
0 0.871875 0.484375 0.0796875 0.0703125 0.712402
0 0.871875 0.485938 0.078125 0.0664063 0.59082
0 0.871875 0.482813 0.0796875 0.071875 0.662109
0 0.871875 0.484375 0.075 0.06875 0.631836
0 0.872656 0.484766 0.0796875 0.0679688 0.773438
0 0.871875 0.485156 0.078125 0.06875 0.628906
0 0.873438 0.484375 0.078125 0.0671875 0.727051
0 0.872656 0.485938 0.0828125 0.0703125 0.649414
0 0.872656 0.485156 0.08125 0.0703125 0.548828
0 0.873438 0.484375 0.08125 0.06875 0.71875
0 0.873438 0.484375 0.0796875 0.071875 0.695312
0 0.873438 0.485156 0.08125 0.06875 0.711426
0 0.873438 0.484375 0.08125 0.0734375 0.609375
0 0.874219 0.484375 0.0796875 0.0703125 0.721191
0 0.872656 0.484375 0.08125 0.06875 0.559082
0 0.874219 0.484375 0.078125 0.071875 0.691895
0 0.873438 0.484375 0.08125 0.0671875 0.53418
0 0.875 0.482031 0.084375 0.071875 0.772461
0 0.875 0.482813 0.084375 0.071875 0.740723
0 0.874219 0.482422 0.0828125 0.0710938 0.508789
0 0.873438 0.485156 0.08125 0.0703125 0.537109
0 0.873438 0.480469 0.08125 0.0710938 0.649414
0 0.873438 0.483203 0.084375 0.0671875 0.648926
0 0.875 0.429688 0.084375 0.177344 0.623535
0 0.875 0.435254 0.0828125 0.16543 0.691895
0 0.873438 0.476562 0.078125 0.0804687 0.650391
0 0.871875 0.484375 0.078125 0.0671875 0.702637
0 0.871875 0.483984 0.078125 0.0703125 0.753418
0 0.873438 0.483203 0.084375 0.0695313 0.580566
0 0.873438 0.482813 0.084375 0.0679688 0.673828
0 0.871875 0.483594 0.0796875 0.0671875 0.783203
0 0.872656 0.484375 0.08125 0.0671875 0.783203
0 0.873438 0.485156 0.0796875 0.06875 0.773926
0 0.871875 0.485156 0.08125 0.0679688 0.754395
0 0.875 0.483203 0.08125 0.0695313 0.65332
0 0.873438 0.484375 0.08125 0.06875 0.754395
0 0.873438 0.482813 0.08125 0.06875 0.779297
0 0.875 0.483594 0.08125 0.0703125 0.827148
0 0.873438 0.483594 0.08125 0.0703125 0.722656
0 0.873438 0.482813 0.0828125 0.071875 0.566895
0 0.871875 0.484375 0.078125 0.06875 0.766113
0 0.872656 0.483594 0.08125 0.0703125 0.807617
0 0.871875 0.484766 0.0796875 0.0679688 0.768555
0 0.871875 0.483594 0.08125 0.0703125 0.685059
0 0.873438 0.485547 0.08125 0.0679688 0.67334
0 0.871875 0.485156 0.08125 0.065625 0.630859
0 0.872656 0.484375 0.08125 0.06875 0.612305
0 0.872656 0.485547 0.08125 0.06875 0.626953
0 0.871875 0.485156 0.084375 0.06875 0.664551
0 0.872656 0.485156 0.084375 0.0695313 0.794434
0 0.872656 0.486719 0.084375 0.06875 0.80127
0 0.871875 0.484375 0.084375 0.0710938 0.816895
0 0.873438 0.484375 0.08125 0.06875 0.783203
0 0.873438 0.48125 0.0828125 0.0703125 0.567871
0 0.873438 0.48125 0.084375 0.0703125 0.611328
0 0.871875 0.482813 0.08125 0.0703125 0.592773
0 0.873438 0.484375 0.084375 0.0679687 0.662109
0 0.873438 0.482813 0.084375 0.071875 0.599121
0 0.874219 0.484375 0.0828125 0.0710938 0.708008
0 0.873438 0.482812 0.084375 0.0710937 0.737305
0 0.872656 0.484375 0.0828125 0.06875 0.728516
0 0.871875 0.483594 0.0828125 0.06875 0.765625
0 0.871875 0.482812 0.08125 0.0671875 0.753418
0 0.871875 0.483594 0.0828125 0.06875 0.759277
0 0.873438 0.482422 0.08125 0.0710938 0.776855
0 0.873438 0.482031 0.08125 0.071875 0.848145
0 0.873438 0.482813 0.08125 0.0703125 0.878906
0 0.873438 0.482813 0.08125 0.071875 0.868164
0 0.872656 0.482031 0.0828125 0.071875 0.745605
0 0.872656 0.482813 0.08125 0.071875 0.630859
0 0.873438 0.482422 0.08125 0.0734375 0.763672
0 0.874219 0.482031 0.08125 0.0734375 0.691895
0 0.874219 0.481641 0.0796875 0.0734375 0.585938
0 0.873438 0.481641 0.08125 0.075 0.574707
0 0.873438 0.482031 0.08125 0.0726562 0.675781
0 0.873438 0.482422 0.08125 0.0710938 0.65918
0 0.871094 0.48125 0.0828125 0.0734375 0.529297
0 0.874219 0.48125 0.08125 0.071875 0.575684
0 0.873438 0.48125 0.08125 0.071875 0.59082
0 0.874219 0.482422 0.08125 0.0734375 0.628906
0 0.873438 0.482813 0.08125 0.071875 0.642578
0 0.873438 0.482813 0.08125 0.071875 0.648926
0 0.873438 0.483203 0.08125 0.0710938 0.651367
0 0.873438 0.483203 0.08125 0.0710938 0.60498
0 0.873438 0.483203 0.08125 0.0710938 0.543945
0 0.873438 0.483203 0.08125 0.0710938 0.530273
0 0.873438 0.483594 0.08125 0.0703125 0.553711
0 0.871875 0.482813 0.08125 0.0703125 0.594727
