0 0.589063 0.533203 0.207813 0.175781 0.650391
0 0.597656 0.532422 0.221875 0.171094 0.508789
0 0.591406 0.513281 0.2 0.15 0.741699
1 0.591406 0.513281 0.2 0.15 0.566895
0 0.589844 0.535156 0.210156 0.170312 0.86084
0 0.589063 0.527344 0.204688 0.170312 0.854492
1 0.589063 0.527344 0.204688 0.170312 0.643555
0 0.589453 0.526953 0.200781 0.157031 0.878906
1 0.589453 0.526953 0.200781 0.157031 0.788574
1 0.585938 0.523438 0.210156 0.161719 0.857422
0 0.585938 0.523438 0.210156 0.161719 0.856445
0 0.588281 0.523438 0.207031 0.167188 0.831055
1 0.588281 0.523438 0.207031 0.167188 0.72168
0 0.591016 0.524609 0.216406 0.166406 0.806641
1 0.591016 0.524609 0.216406 0.166406 0.541992
0 0.588281 0.525781 0.207812 0.160937 0.601074
0 0.589844 0.527344 0.210938 0.166406 0.609375
0 0.5875 0.525781 0.21875 0.157813 0.547852
0 0.589063 0.524219 0.20625 0.149219 0.703125
0 0.589063 0.525391 0.208594 0.152344 0.648926
0 0.585938 0.525391 0.211719 0.167188 0.775391
0 0.589063 0.525781 0.20625 0.170313 0.829102
0 0.592188 0.524609 0.207812 0.163281 0.813965
0 0.587891 0.529688 0.217187 0.175 0.869141
0 0.585547 0.53125 0.207812 0.173437 0.648926
0 0.594531 0.528125 0.2125 0.171875 0.76709
0 0.586719 0.528125 0.209375 0.1625 0.822266
0 0.5875 0.524219 0.203125 0.161719 0.773438
0 0.589063 0.525 0.2 0.16875 0.654785
0 0.589063 0.526172 0.203125 0.163281 0.785156
0 0.592188 0.524219 0.210938 0.164062 0.787109
0 0.591797 0.523438 0.214844 0.1625 0.793945
0 0.591797 0.526953 0.205469 0.164844 0.878906
0 0.589844 0.528906 0.203906 0.159375 0.908203
0 0.590234 0.526172 0.203906 0.158594 0.829102
0 0.589453 0.532031 0.207031 0.163281 0.699219
0 0.589844 0.527734 0.201562 0.167969 0.59082
0 0.588281 0.528125 0.20625 0.160938 0.720215
0 0.586719 0.526953 0.2125 0.164063 0.70752
0 0.590625 0.523047 0.210937 0.164844 0.883301
0 0.5875 0.521875 0.210938 0.167969 0.842773
0 0.589063 0.524219 0.2125 0.167188 0.910645
0 0.59375 0.527344 0.207813 0.160156 0.953613
0 0.592969 0.528125 0.204688 0.164062 0.855469
0 0.589453 0.526563 0.211719 0.167969 0.816895
0 0.585938 0.526563 0.196875 0.1625 0.92041
0 0.591406 0.524219 0.215625 0.164062 0.912109
0 0.589844 0.528125 0.214844 0.160938 0.910645
0 0.585156 0.526172 0.214062 0.171875 0.942383
0 0.589063 0.525781 0.2125 0.165625 0.826172
0 0.5875 0.526953 0.207812 0.171094 0.953125
0 0.590625 0.527734 0.207813 0.164844 0.88623
0 0.589844 0.527344 0.207813 0.167188 0.841309
0 0.589844 0.527344 0.210156 0.167188 0.931152
0 0.588281 0.525391 0.215625 0.167188 0.74707
0 0.590234 0.524219 0.21875 0.167188 0.941895
0 0.592969 0.525781 0.215625 0.164063 0.983398
0 0.588672 0.527734 0.214844 0.163281 0.858887
0 0.591406 0.528125 0.2125 0.164062 0.889648
0 0.59375 0.528906 0.217187 0.165625 0.920898
0 0.592969 0.528125 0.215625 0.164062 0.852051
0 0.586719 0.530078 0.203125 0.169531 0.952637
0 0.59375 0.527344 0.2125 0.16875 0.702637
0 0.591406 0.525781 0.20625 0.173438 0.74707
0 0.586719 0.525 0.21875 0.16875 0.872559
0 0.590625 0.529297 0.203125 0.161719 0.862305
0 0.588281 0.529297 0.20625 0.164844 0.834473
0 0.591016 0.528125 0.211719 0.160938 0.689941
0 0.590625 0.526563 0.208594 0.167187 0.713867
0 0.589844 0.530859 0.203125 0.160156 0.901367
0 0.586328 0.527344 0.216406 0.164844 0.963867
0 0.585938 0.525 0.20625 0.165625 0.897461
0 0.586719 0.523047 0.20625 0.164844 0.875977
0 0.589844 0.526953 0.210156 0.1625 0.74707
0 0.591406 0.525 0.209375 0.160937 0.819336
0 0.5875 0.527344 0.204688 0.160938 0.861816
0 0.589063 0.527344 0.20625 0.154687 0.903809
0 0.590625 0.528516 0.209375 0.163281 0.950195
0 0.591406 0.528906 0.208594 0.164063 0.958496
0 0.589453 0.528516 0.219531 0.169531 0.92627
0 0.592969 0.528906 0.21875 0.171875 0.943359
0 0.590625 0.527344 0.210937 0.159375 0.922852
0 0.589844 0.526563 0.209375 0.160938 0.902832
0 0.592969 0.532422 0.209375 0.152344 0.930664
0 0.591797 0.528906 0.204687 0.153125 0.935059
0 0.592188 0.530859 0.209375 0.159375 0.88623
0 0.590625 0.529688 0.207813 0.1625 0.896484
0 0.591797 0.529688 0.207031 0.161719 0.958496
0 0.592188 0.532031 0.210938 0.160938 0.955566
0 0.590625 0.528516 0.215625 0.164844 0.95459
0 0.590625 0.528516 0.214063 0.165625 0.946289
0 0.591406 0.524219 0.215625 0.164062 0.969727
0 0.591016 0.524219 0.208594 0.15625 0.970215
0 0.591016 0.524609 0.209375 0.161719 0.937012
0 0.592188 0.523828 0.217188 0.163281 0.901367
0 0.591016 0.526563 0.217969 0.176563 0.856445
0 0.591016 0.526172 0.215625 0.171875 0.893555
0 0.590625 0.528516 0.207813 0.163281 0.908203
0 0.589844 0.526172 0.217187 0.163281 0.898926
0 0.589453 0.528125 0.219531 0.16875 0.919434
0 0.592969 0.524219 0.217188 0.167188 0.92627
0 0.591016 0.526563 0.213281 0.167187 0.887695
0 0.591797 0.525781 0.215625 0.16875 0.914062
0 0.590625 0.526563 0.2125 0.16875 0.895996
0 0.592188 0.523828 0.2125 0.170313 0.895996
0 0.596094 0.523047 0.216406 0.164844 0.918945
0 0.592578 0.523438 0.211719 0.1625 0.937988
0 0.591406 0.527734 0.214063 0.163281 0.941895
0 0.591406 0.525 0.210938 0.161719 0.945312
0 0.594531 0.523438 0.214844 0.165625 0.881836
0 0.590625 0.523047 0.207813 0.161719 0.885254
0 0.588672 0.524219 0.211719 0.164062 0.887695
0 0.589844 0.524219 0.210938 0.1625 0.896484
0 0.589453 0.524219 0.210938 0.160938 0.956055
0 0.592969 0.527344 0.217188 0.164062 0.930176
0 0.592188 0.530859 0.214062 0.166406 0.948242
0 0.589453 0.530078 0.210938 0.163281 0.968262
0 0.59375 0.525781 0.214063 0.166406 0.963379
0 0.591406 0.528125 0.214063 0.165625 0.95166
0 0.589453 0.528125 0.211719 0.164062 0.931641
0 0.592188 0.526563 0.214062 0.164062 0.935059
0 0.592188 0.526563 0.214062 0.1625 0.879395
0 0.592969 0.527344 0.215625 0.165625 0.896484
0 0.590625 0.528125 0.210937 0.165625 0.942871
0 0.589844 0.525 0.215625 0.167188 0.938965
0 0.589844 0.525781 0.217187 0.16875 0.942871
0 0.589844 0.524219 0.217187 0.164062 0.925293
0 0.590625 0.523438 0.214063 0.160938 0.933594
0 0.592578 0.525 0.210156 0.160937 0.94873
0 0.592188 0.527344 0.214062 0.165625 0.948242
0 0.591797 0.528125 0.217969 0.161719 0.939941
0 0.592188 0.526172 0.2125 0.160938 0.938965
0 0.589453 0.525781 0.20625 0.167969 0.915039
0 0.589844 0.528125 0.210938 0.160156 0.913574
0 0.592969 0.523438 0.2125 0.1625 0.912109
0 0.594531 0.526563 0.2125 0.160938 0.926758
0 0.59375 0.527344 0.215625 0.166406 0.922852
0 0.592578 0.525781 0.215625 0.170313 0.948242
0 0.590625 0.526563 0.215625 0.167187 0.953613
0 0.590625 0.526172 0.217187 0.171875 0.947754
0 0.592969 0.525781 0.214062 0.170313 0.919434
0 0.590625 0.527344 0.210937 0.169531 0.891602
0 0.590625 0.528125 0.214063 0.167188 0.871582
0 0.591406 0.529688 0.2125 0.165625 0.870605
0 0.590234 0.528125 0.217188 0.1625 0.888184
0 0.589063 0.526953 0.211719 0.163281 0.939453
0 0.589844 0.528906 0.2125 0.164063 0.931152
0 0.590625 0.528125 0.214063 0.1625 0.91748
0 0.591406 0.529688 0.215625 0.164063 0.917969
0 0.592969 0.528516 0.217188 0.166406 0.936523
0 0.591797 0.527344 0.214844 0.165625 0.943359
0 0.590625 0.528516 0.2125 0.165625 0.932617
0 0.590625 0.527344 0.210937 0.167188 0.923828
0 0.590625 0.523828 0.214063 0.163281 0.945801
0 0.591797 0.525 0.214844 0.1625 0.946777
0 0.590625 0.528125 0.210937 0.167188 0.931641
0 0.592188 0.527344 0.214062 0.169531 0.917969
0 0.59375 0.528125 0.220312 0.16875 0.904785
0 0.593359 0.528125 0.219531 0.16875 0.911621
0 0.592578 0.527734 0.217969 0.165625 0.924316
0 0.592188 0.529688 0.215625 0.165625 0.931641
0 0.591406 0.528906 0.214063 0.167188 0.938965
0 0.591406 0.528906 0.2125 0.165625 0.93457
0 0.592188 0.528125 0.214062 0.165625 0.941406
0 0.59375 0.528125 0.217187 0.165625 0.941406
0 0.592969 0.527344 0.217188 0.164062 0.941895
0 0.592578 0.527344 0.214844 0.164062 0.941895
0 0.591797 0.527734 0.213281 0.164844 0.953613
0 0.590625 0.528125 0.2125 0.1625 0.951172
0 0.591406 0.527344 0.214063 0.1625 0.939453
0 0.592188 0.527344 0.215625 0.165625 0.938477
0 0.592188 0.528125 0.215625 0.167188 0.948242
0 0.592188 0.528906 0.215625 0.165625 0.952637
0 0.592188 0.529297 0.215625 0.164062 0.952637
0 0.592188 0.528906 0.217188 0.164063 0.952637
0 0.592969 0.528125 0.217188 0.165625 0.946289
0 0.592969 0.528125 0.217188 0.165625 0.939453
0 0.592969 0.528906 0.21875 0.165625 0.937988
0 0.592969 0.528906 0.21875 0.165625 0.941895
0 0.59375 0.528125 0.217187 0.167188 0.941406
0 0.592969 0.527344 0.214062 0.170312 0.94873
0 0.592578 0.528125 0.214844 0.167188 0.948242
0 0.592188 0.528125 0.215625 0.166406 0.945801
0 0.592188 0.528125 0.214844 0.164062 0.946289
0 0.592578 0.528125 0.214844 0.165625 0.944824
0 0.592969 0.528125 0.215625 0.166406 0.949219
0 0.592969 0.527734 0.215625 0.167187 0.950195
0 0.592969 0.527344 0.215625 0.167188 0.950684
0 0.592969 0.527344 0.215625 0.167188 0.949707
0 0.592969 0.528125 0.215625 0.167188 0.947754
0 0.591406 0.529297 0.2125 0.165625 0.870605
