0 0.583203 0.549219 0.266406 0.21875 0.599121
1 0.583203 0.549219 0.266406 0.21875 0.50293
0 0.594531 0.541797 0.24375 0.190625 0.6875
1 0.594531 0.541797 0.24375 0.190625 0.615234
0 0.596094 0.5375 0.245312 0.201563 0.642578
0 0.592578 0.549219 0.258594 0.192187 0.67041
0 0.589844 0.5125 0.25625 0.214063 0.881836
1 0.589844 0.5125 0.25625 0.214063 0.663574
0 0.588281 0.536719 0.25625 0.176562 0.853027
1 0.588281 0.536719 0.25625 0.176562 0.744629
0 0.590625 0.530469 0.25625 0.178906 0.844238
1 0.590625 0.530469 0.25625 0.178906 0.833008
0 0.599219 0.53125 0.2375 0.184375 0.823242
1 0.599219 0.53125 0.2375 0.184375 0.700684
0 0.596875 0.534766 0.265625 0.192969 0.86084
1 0.596875 0.534766 0.265625 0.192969 0.638672
0 0.591016 0.536719 0.258594 0.190625 0.706543
1 0.591016 0.536719 0.258594 0.190625 0.504883
0 0.592188 0.53125 0.25 0.185937 0.615234
0 0.597656 0.535938 0.251562 0.190625 0.522461
0 0.597656 0.533594 0.257812 0.173438 0.588867
0 0.594531 0.533203 0.25625 0.170312 0.62793
0 0.592188 0.532031 0.25625 0.170312 0.834961
0 0.595312 0.533203 0.245313 0.173437 0.875488
0 0.590234 0.535156 0.250781 0.185937 0.902344
0 0.594531 0.539844 0.264062 0.2 0.91748
0 0.594922 0.535938 0.253906 0.190625 0.942383
0 0.590625 0.545703 0.259375 0.209375 0.954102
0 0.585156 0.546094 0.25 0.196875 0.685059
0 0.592188 0.535156 0.245312 0.189062 0.808594
0 0.591406 0.535937 0.253125 0.176563 0.751953
0 0.591406 0.53125 0.254687 0.182813 0.728516
0 0.590234 0.53125 0.252344 0.185937 0.689941
0 0.591406 0.535156 0.251563 0.185937 0.753418
0 0.590625 0.535937 0.253125 0.192188 0.833008
0 0.59375 0.532812 0.257031 0.182813 0.864746
0 0.594531 0.541406 0.248437 0.18125 0.945801
0 0.592969 0.543359 0.248438 0.189844 0.953125
0 0.590625 0.538281 0.253125 0.1875 0.890137
0 0.592188 0.544531 0.257813 0.198438 0.776855
0 0.589063 0.539844 0.25 0.19375 0.65918
0 0.590234 0.539453 0.25 0.184375 0.782227
0 0.595703 0.541797 0.263281 0.197656 0.76416
0 0.589844 0.536719 0.259375 0.195313 0.932617
0 0.588672 0.539062 0.253906 0.207813 0.882324
0 0.588672 0.536719 0.252344 0.192187 0.935547
0 0.590625 0.533984 0.25 0.185156 0.98291
0 0.591406 0.535547 0.254687 0.182031 0.884277
0 0.588281 0.532812 0.259375 0.182813 0.880371
0 0.589844 0.535156 0.248437 0.182813 0.9375
0 0.591406 0.533594 0.257813 0.185938 0.968262
0 0.590625 0.5375 0.257812 0.188281 0.967773
0 0.588281 0.537109 0.253125 0.192969 0.966309
0 0.590625 0.540234 0.252344 0.195312 0.814453
0 0.589844 0.541797 0.251562 0.197656 0.962402
0 0.591406 0.542188 0.25 0.190625 0.957031
0 0.594531 0.542188 0.260938 0.19375 0.890137
0 0.592969 0.54375 0.257812 0.195312 0.942383
0 0.591797 0.539844 0.255469 0.192188 0.681641
0 0.590234 0.537891 0.253906 0.186719 0.863281
0 0.594922 0.536719 0.249219 0.183594 0.983887
0 0.591406 0.539844 0.253125 0.1875 0.885742
0 0.592969 0.539844 0.248438 0.1875 0.949707
0 0.589844 0.539844 0.251562 0.19375 0.982422
0 0.589844 0.540625 0.246875 0.195313 0.959473
0 0.589063 0.544141 0.248438 0.200781 0.946289
0 0.592578 0.540625 0.255469 0.192187 0.787109
0 0.592578 0.540625 0.253125 0.204688 0.727051
0 0.589453 0.538281 0.254687 0.195312 0.905273
0 0.591406 0.542969 0.254687 0.19375 0.88623
0 0.589844 0.542969 0.253125 0.197656 0.896973
0 0.591406 0.54375 0.253125 0.19375 0.838867
0 0.59375 0.539453 0.257812 0.199219 0.835449
0 0.588281 0.54375 0.25625 0.195312 0.891113
0 0.592969 0.539844 0.264063 0.198438 0.962402
0 0.590234 0.539453 0.250781 0.197656 0.89209
0 0.589844 0.536719 0.248437 0.195313 0.852539
0 0.591406 0.538281 0.25 0.190625 0.739258
0 0.591406 0.539844 0.250781 0.196875 0.835938
0 0.590234 0.542188 0.253125 0.188281 0.864746
0 0.591797 0.541406 0.255469 0.178125 0.856445
0 0.592969 0.540625 0.259375 0.19375 0.944336
0 0.592969 0.542969 0.258594 0.195312 0.948242
0 0.589844 0.545703 0.25625 0.2 0.912109
0 0.591016 0.544531 0.25625 0.199219 0.931152
0 0.592188 0.542188 0.259375 0.189844 0.871094
0 0.594922 0.540625 0.260937 0.190625 0.84668
0 0.598437 0.544531 0.240625 0.182813 0.928223
0 0.596875 0.540625 0.239844 0.192187 0.907227
0 0.591406 0.540625 0.25 0.190625 0.841309
0 0.589063 0.538281 0.257031 0.192188 0.895996
0 0.591797 0.539844 0.252344 0.189063 0.95166
0 0.592188 0.541016 0.253125 0.185937 0.952148
0 0.590625 0.538672 0.259375 0.189844 0.905762
0 0.5875 0.540625 0.2625 0.19375 0.861816
0 0.592188 0.535156 0.251563 0.189062 0.961914
0 0.592578 0.534766 0.249219 0.182031 0.975586
0 0.588281 0.535156 0.257813 0.190625 0.956055
0 0.589453 0.535156 0.258594 0.192188 0.870117
0 0.589063 0.5375 0.257812 0.198437 0.811035
0 0.589063 0.537891 0.25625 0.198438 0.914551
0 0.588672 0.539844 0.253125 0.198438 0.912598
0 0.589453 0.5375 0.257031 0.19375 0.872559
0 0.589063 0.538281 0.259375 0.198437 0.92334
0 0.589844 0.536719 0.254688 0.196875 0.949707
0 0.592188 0.5375 0.259375 0.197656 0.911621
0 0.593359 0.537109 0.264844 0.197656 0.931152
0 0.592969 0.5375 0.2625 0.196875 0.919922
0 0.593359 0.537109 0.260938 0.197656 0.918945
0 0.598438 0.532422 0.251563 0.183594 0.927246
0 0.59375 0.535937 0.259375 0.1875 0.928711
0 0.592578 0.540625 0.259375 0.189063 0.936035
0 0.590625 0.538281 0.25625 0.184375 0.9375
0 0.592188 0.535938 0.251563 0.190625 0.888184
0 0.592578 0.535156 0.250781 0.190625 0.897949
0 0.590625 0.536719 0.251563 0.190625 0.876953
0 0.592188 0.536719 0.253125 0.191406 0.890625
0 0.591797 0.536719 0.25625 0.191406 0.961426
0 0.595703 0.540625 0.260938 0.195313 0.921875
0 0.594922 0.54375 0.257031 0.196875 0.947754
0 0.591016 0.54375 0.250781 0.19375 0.953613
0 0.592188 0.539062 0.251563 0.19375 0.948242
0 0.591406 0.541016 0.253125 0.192969 0.930176
0 0.589453 0.540625 0.257031 0.190625 0.921875
0 0.589844 0.539062 0.25625 0.192188 0.898926
0 0.590625 0.540234 0.257031 0.196094 0.740234
0 0.592188 0.541406 0.257813 0.196875 0.871094
0 0.589844 0.542188 0.25625 0.2 0.93457
0 0.592188 0.539453 0.260937 0.195313 0.929688
0 0.590625 0.539844 0.257812 0.19375 0.94043
0 0.588281 0.539844 0.258594 0.190625 0.928223
0 0.589844 0.536719 0.257812 0.1875 0.929199
0 0.592578 0.539844 0.253125 0.190625 0.940918
0 0.590625 0.542188 0.254688 0.195312 0.943359
0 0.590625 0.541406 0.25625 0.1875 0.932129
0 0.590234 0.539844 0.250781 0.192188 0.928223
0 0.589844 0.539453 0.25 0.197656 0.919434
0 0.589844 0.539844 0.253906 0.192188 0.895996
0 0.592188 0.535938 0.253125 0.190625 0.900879
0 0.593359 0.538672 0.253906 0.189063 0.931152
0 0.592188 0.539453 0.254687 0.19375 0.932129
0 0.590625 0.537109 0.25625 0.194531 0.945801
0 0.589844 0.538281 0.257031 0.19375 0.953125
0 0.590234 0.539062 0.257031 0.2 0.945312
0 0.593359 0.539844 0.25625 0.198438 0.932617
0 0.591797 0.539844 0.257812 0.198438 0.911133
0 0.591406 0.539844 0.259375 0.19375 0.908691
0 0.591797 0.540625 0.25625 0.192187 0.931152
0 0.591406 0.540625 0.257031 0.191406 0.938477
0 0.587109 0.539453 0.247656 0.189063 0.95752
0 0.591016 0.541016 0.257031 0.189062 0.943848
0 0.591406 0.539844 0.257813 0.189063 0.916504
0 0.592188 0.541406 0.259375 0.192187 0.92041
0 0.592969 0.539844 0.259375 0.195312 0.933105
0 0.589063 0.539453 0.25 0.192969 0.947754
0 0.590625 0.541797 0.255469 0.192969 0.943848
0 0.589844 0.540625 0.255469 0.19375 0.933594
0 0.589844 0.538281 0.257812 0.190625 0.946289
0 0.589063 0.539844 0.254688 0.190625 0.946289
0 0.589844 0.542188 0.254688 0.196094 0.930176
0 0.591797 0.541797 0.257031 0.199219 0.931152
0 0.592969 0.542969 0.260937 0.198438 0.938965
0 0.592578 0.541797 0.260938 0.197656 0.946777
0 0.591797 0.541406 0.258594 0.194531 0.958008
0 0.590625 0.542578 0.25625 0.196094 0.961426
0 0.590234 0.541406 0.254687 0.196875 0.958984
0 0.590625 0.541016 0.254688 0.194531 0.950684
0 0.590625 0.540625 0.254688 0.19375 0.953125
0 0.591016 0.540625 0.257031 0.19375 0.956543
0 0.591406 0.539453 0.257813 0.192187 0.952637
0 0.591406 0.539062 0.25625 0.192188 0.948242
0 0.590625 0.539844 0.254688 0.19375 0.951172
0 0.589063 0.540625 0.25 0.189063 0.956543
0 0.589063 0.539844 0.25 0.189063 0.952148
0 0.590625 0.539844 0.253125 0.19375 0.944824
0 0.590625 0.541406 0.253125 0.195313 0.951172
0 0.589844 0.541797 0.251562 0.192969 0.955078
0 0.590625 0.542188 0.253125 0.189063 0.94873
0 0.590625 0.542188 0.254688 0.189063 0.947754
0 0.591406 0.541406 0.255469 0.192187 0.945312
0 0.591016 0.541406 0.255469 0.192187 0.943359
0 0.591406 0.540625 0.259375 0.192969 0.94043
0 0.591797 0.540625 0.258594 0.19375 0.944824
0 0.591797 0.540234 0.257812 0.194531 0.942871
0 0.592188 0.540625 0.257813 0.19375 0.945312
0 0.591406 0.541406 0.258594 0.195313 0.944824
0 0.591406 0.541406 0.259375 0.195313 0.943848
0 0.591406 0.541797 0.259375 0.19375 0.946777
0 0.591797 0.541797 0.259375 0.19375 0.947754
0 0.592188 0.541797 0.259375 0.194531 0.95459
0 0.592188 0.541406 0.259375 0.195313 0.956055
0 0.591406 0.540625 0.259375 0.194531 0.956543
0 0.591406 0.540625 0.259375 0.194531 0.956543
0 0.591406 0.540625 0.259375 0.19375 0.954102
0 0.591797 0.540625 0.25625 0.192187 0.931152
