0 0.671094 0.470312 0.1875 0.201562 0.743164
1 0.665625 0.474609 0.198438 0.196094 0.67334
0 0.669531 0.475781 0.189063 0.18125 0.515625
1 0.66875 0.475 0.203125 0.178125 0.506836
0 0.665625 0.482422 0.196875 0.163281 0.861816
1 0.665625 0.482422 0.196875 0.163281 0.673828
0 0.667188 0.486719 0.198437 0.172656 0.878418
0 0.666406 0.471875 0.198438 0.184375 0.921875
1 0.666406 0.471875 0.198438 0.184375 0.767578
0 0.669922 0.476953 0.19375 0.180469 0.773926
1 0.669922 0.476953 0.19375 0.180469 0.674805
1 0.665234 0.480469 0.203125 0.16875 0.72168
0 0.665234 0.480469 0.203125 0.16875 0.693359
0 0.667578 0.477344 0.19375 0.178125 0.755859
1 0.667578 0.477344 0.19375 0.178125 0.675781
0 0.666797 0.483203 0.203906 0.182031 0.726562
0 0.666406 0.48125 0.198438 0.182031 0.634277
0 0.664844 0.48125 0.198438 0.169531 0.584961
0 0.666797 0.481641 0.198438 0.167969 0.529297
0 0.663281 0.477344 0.196875 0.171875 0.739258
0 0.663672 0.48125 0.196094 0.16875 0.859863
0 0.666406 0.482031 0.195312 0.164063 0.856934
0 0.666016 0.488281 0.198438 0.16875 0.71875
0 0.66875 0.483984 0.190625 0.166406 0.676758
0 0.665234 0.491406 0.200781 0.159375 0.578613
0 0.666406 0.483594 0.198438 0.176563 0.689453
0 0.666406 0.4875 0.198438 0.164062 0.70166
0 0.667578 0.485547 0.203906 0.161719 0.527344
0 0.667969 0.487891 0.198438 0.153906 0.67041
0 0.669141 0.485156 0.192969 0.1625 0.788574
0 0.66875 0.479297 0.19375 0.178125 0.750488
0 0.668359 0.479688 0.194531 0.18125 0.759766
0 0.667969 0.489063 0.198438 0.177344 0.779297
0 0.666406 0.48125 0.19375 0.165625 0.53418
1 0.667969 0.480078 0.192187 0.177344 0.85791
1 0.66875 0.480078 0.201562 0.166406 0.838867
1 0.667578 0.484375 0.192969 0.164062 0.739258
0 0.666406 0.484766 0.196875 0.164063 0.621582
0 0.666406 0.482422 0.19375 0.160938 0.682617
0 0.66875 0.487109 0.190625 0.160156 0.875
0 0.671094 0.483203 0.190625 0.1625 0.981934
0 0.669141 0.479688 0.192969 0.169531 0.681641
0 0.666797 0.483594 0.203906 0.164062 0.676758
0 0.667188 0.486719 0.19375 0.160937 0.619629
0 0.667188 0.485156 0.196875 0.160938 0.730469
0 0.666406 0.487891 0.198438 0.155469 0.585938
0 0.667578 0.485156 0.196094 0.1625 0.626953
1 0.669531 0.483594 0.195312 0.167187 0.571777
0 0.667188 0.489453 0.196875 0.167187 0.726562
1 0.667969 0.486719 0.19375 0.157813 0.626953
0 0.66875 0.478125 0.198438 0.16875 0.634277
1 0.667188 0.483984 0.195312 0.165625 0.560059
0 0.670313 0.48125 0.190625 0.160938 0.983398
0 0.667969 0.478906 0.196875 0.165625 0.977539
0 0.667969 0.482031 0.194531 0.164063 0.703125
1 0.66875 0.485938 0.196875 0.160937 0.538086
0 0.667969 0.489062 0.19375 0.15625 0.544922
0 0.666016 0.490625 0.192969 0.154688 0.706543
1 0.670313 0.483984 0.196094 0.1625 0.591797
1 0.669531 0.484375 0.192187 0.163281 0.733887
1 0.667188 0.485547 0.198437 0.158594 0.553711
1 0.669922 0.4875 0.196094 0.15625 0.596191
1 0.66875 0.483594 0.195312 0.1625 0.50293
0 0.667188 0.482031 0.19375 0.167188 0.645996
1 0.670313 0.482031 0.19375 0.167188 0.50293
1 0.669531 0.484766 0.195312 0.165625 0.643555
0 0.668359 0.486328 0.195312 0.160156 0.628906
0 0.664844 0.486719 0.2 0.160156 0.827637
0 0.666406 0.485156 0.19375 0.170312 0.780762
0 0.667969 0.485938 0.195312 0.160937 0.792969
0 0.66875 0.488281 0.192969 0.158594 0.769531
0 0.66875 0.485156 0.19375 0.164062 0.696777
1 0.666406 0.485937 0.196875 0.1625 0.698242
1 0.665625 0.482813 0.203125 0.173438 0.810059
1 0.667188 0.482422 0.2 0.175781 0.588867
1 0.666406 0.485156 0.199219 0.173438 0.866699
0 0.667188 0.4875 0.196875 0.164844 0.90918
1 0.666406 0.484375 0.198438 0.160938 0.879395
1 0.666406 0.482813 0.198438 0.1625 0.908203
1 0.667188 0.486719 0.2 0.154688 0.542969
1 0.667188 0.485938 0.199219 0.155469 0.800293
0 0.666016 0.489062 0.199219 0.164062 0.654785
0 0.665234 0.4875 0.199219 0.164062 0.557129
1 0.667578 0.487891 0.198438 0.161719 0.606934
0 0.667188 0.488281 0.201563 0.159375 0.828613
1 0.667969 0.487891 0.201563 0.165625 0.656738
1 0.669531 0.485938 0.201562 0.165625 0.850586
0 0.667188 0.483594 0.196875 0.164062 0.870117
0 0.667188 0.485938 0.194531 0.157813 0.92627
0 0.667578 0.485156 0.196094 0.157813 0.898926
1 0.668359 0.483984 0.197656 0.152344 0.851562
1 0.666797 0.4875 0.195312 0.166406 0.771973
1 0.668359 0.486719 0.192969 0.164063 0.76123
1 0.667969 0.488672 0.192187 0.157031 0.708008
1 0.667969 0.487891 0.195312 0.155469 0.669922
0 0.666797 0.486719 0.194531 0.15625 0.551758
0 0.666406 0.488672 0.196094 0.163281 0.693359
0 0.667188 0.4875 0.195312 0.157813 0.915039
1 0.667188 0.4875 0.196875 0.154688 0.86377
0 0.666406 0.484375 0.196875 0.160938 0.610352
1 0.667578 0.4875 0.192969 0.154688 0.866699
0 0.669531 0.486328 0.195312 0.160156 0.618652
1 0.667969 0.485156 0.195312 0.159375 0.556641
1 0.66875 0.485156 0.2 0.157813 0.695801
1 0.667969 0.486719 0.196875 0.159375 0.622559
1 0.66875 0.486719 0.195312 0.160937 0.677246
0 0.667969 0.482031 0.2 0.165625 0.847656
0 0.668359 0.482031 0.199219 0.170312 0.826172
0 0.667188 0.485156 0.196875 0.16875 0.733398
1 0.66875 0.486719 0.196875 0.158594 0.893066
1 0.669531 0.485547 0.196875 0.160156 0.912109
0 0.667969 0.484375 0.2 0.1625 0.88623
0 0.667969 0.485938 0.2 0.160937 0.724121
1 0.668359 0.484766 0.196875 0.158594 0.680664
1 0.66875 0.4875 0.192969 0.159375 0.814453
0 0.66875 0.488281 0.195312 0.159375 0.538086
1 0.669531 0.488281 0.195312 0.157812 0.792969
0 0.670313 0.484375 0.196875 0.158594 0.763672
1 0.669141 0.4875 0.195312 0.15625 0.723145
1 0.66875 0.485938 0.19375 0.153125 0.898438
1 0.669531 0.486719 0.191406 0.154688 0.888672
1 0.668359 0.486719 0.192969 0.15625 0.904785
1 0.670313 0.485938 0.19375 0.159375 0.908691
0 0.66875 0.486719 0.196875 0.1625 0.666992
1 0.667969 0.488281 0.194531 0.160938 0.662598
1 0.66875 0.484375 0.196875 0.1625 0.900391
0 0.669141 0.483594 0.197656 0.164062 0.82959
1 0.667969 0.484766 0.196875 0.160937 0.505859
0 0.667969 0.482813 0.196875 0.1625 0.915039
0 0.66875 0.482813 0.196875 0.1625 0.89209
1 0.670313 0.483203 0.19375 0.160156 0.825684
1 0.669531 0.483594 0.19375 0.160938 0.92041
1 0.667969 0.484375 0.195312 0.160156 0.838867
1 0.667969 0.484375 0.195312 0.159375 0.868164
1 0.667969 0.483594 0.19375 0.164062 0.856934
1 0.667578 0.484766 0.199219 0.161719 0.884277
0 0.66875 0.483203 0.196875 0.166406 0.690918
1 0.667188 0.482031 0.196875 0.16875 0.67334
1 0.66875 0.482031 0.19375 0.165625 0.890137
1 0.667969 0.483594 0.196875 0.1625 0.935059
1 0.666797 0.481641 0.196094 0.166406 0.92041
1 0.666406 0.483594 0.196875 0.160938 0.901367
1 0.667188 0.483594 0.195312 0.1625 0.801758
1 0.66875 0.484375 0.198438 0.160938 0.928223
1 0.667969 0.485547 0.198438 0.160938 0.841797
1 0.668359 0.485156 0.197656 0.160156 0.662598
1 0.66875 0.484375 0.195312 0.1625 0.782715
1 0.669141 0.484766 0.199219 0.160156 0.939453
1 0.66875 0.483594 0.196875 0.160938 0.794922
0 0.667969 0.484375 0.196875 0.1625 0.525391
1 0.66875 0.484375 0.196875 0.1625 0.772461
0 0.66875 0.485156 0.196875 0.164062 0.547852
1 0.669531 0.485156 0.2 0.157813 0.884277
1 0.669531 0.485938 0.2 0.157813 0.92041
1 0.669531 0.483203 0.199219 0.163281 0.905762
0 0.66875 0.482813 0.197656 0.164063 0.813965
1 0.669531 0.483203 0.198438 0.164844 0.686035
0 0.667969 0.484375 0.198438 0.164062 0.810547
1 0.668359 0.485547 0.196875 0.1625 0.555664
1 0.667969 0.485156 0.196875 0.161719 0.791016
0 0.668359 0.483984 0.197656 0.161719 0.622559
0 0.668359 0.483594 0.197656 0.161719 0.773926
1 0.667578 0.483594 0.196094 0.1625 0.751465
1 0.667969 0.484375 0.198438 0.159375 0.877441
0 0.66875 0.483984 0.198438 0.160156 0.631836
1 0.667969 0.483594 0.196875 0.1625 0.872559
0 0.668359 0.483594 0.197656 0.1625 0.52832
0 0.667969 0.482031 0.198438 0.16875 0.866211
0 0.667969 0.482813 0.198438 0.165625 0.792969
1 0.667578 0.48125 0.196875 0.167188 0.50293
1 0.666797 0.482031 0.197656 0.165625 0.797363
0 0.667969 0.483203 0.2 0.164844 0.553711
1 0.667188 0.482812 0.198437 0.160937 0.930176
1 0.667969 0.483984 0.197656 0.160937 0.934082
1 0.667969 0.483594 0.196094 0.1625 0.834473
1 0.667969 0.483594 0.195312 0.159375 0.896973
1 0.667188 0.484375 0.195312 0.159375 0.861328
1 0.667188 0.485547 0.198437 0.158594 0.910645
1 0.667188 0.485547 0.2 0.155469 0.933105
1 0.666797 0.484375 0.197656 0.15625 0.928223
0 0.667969 0.483984 0.198438 0.160937 0.833496
0 0.667969 0.483594 0.2 0.160938 0.927734
0 0.667578 0.482813 0.200781 0.1625 0.92041
0 0.667969 0.482813 0.201563 0.165625 0.89502
1 0.66875 0.484766 0.2 0.164844 0.791016
0 0.668359 0.483984 0.200781 0.164844 0.624512
1 0.667969 0.484766 0.198438 0.160156 0.915039
1 0.667578 0.484766 0.199219 0.15625 0.932129
1 0.668359 0.485547 0.2 0.155469 0.935547
1 0.66875 0.485938 0.2 0.157813 0.94043
1 0.66875 0.485938 0.2 0.157813 0.939453
1 0.668359 0.485938 0.199219 0.15625 0.947754
1 0.66875 0.485547 0.198438 0.157031 0.945312
1 0.66875 0.484375 0.198438 0.159375 0.94873
1 0.66875 0.483594 0.197656 0.161719 0.945312
1 0.668359 0.483594 0.196094 0.160156 0.944824
1 0.667969 0.483594 0.196875 0.159375 0.943359
1 0.667969 0.483594 0.195312 0.159375 0.94043
1 0.667969 0.483594 0.195312 0.159375 0.94043
1 0.667969 0.483203 0.195312 0.161719 0.936523
1 0.667969 0.482813 0.195312 0.1625 0.939941
1 0.667969 0.482813 0.196875 0.1625 0.941895
1 0.667969 0.482813 0.196875 0.1625 0.942383
1 0.667969 0.482813 0.196875 0.1625 0.948242
1 0.66875 0.484375 0.195312 0.1625 0.78418
