0 0.796094 0.35625 0.2625 0.189844 0.550781
1 0.796094 0.35625 0.2625 0.189844 0.536133
0 0.790625 0.356445 0.242188 0.187891 0.79834
1 0.790625 0.356445 0.242188 0.187891 0.751465
0 0.785156 0.357031 0.23125 0.185938 0.698242
0 0.782617 0.352539 0.231641 0.190234 0.807617
1 0.782617 0.352539 0.231641 0.190234 0.680664
0 0.78457 0.357617 0.230859 0.187109 0.812988
1 0.78457 0.357617 0.230859 0.187109 0.797363
1 0.782031 0.355469 0.234375 0.185937 0.797363
0 0.782031 0.355469 0.234375 0.185937 0.65918
0 0.78457 0.357031 0.221484 0.189844 0.546875
1 0.78457 0.357031 0.221484 0.189844 0.542969
0 0.80332 0.357813 0.271484 0.192188 0.554688
0 0.776758 0.353711 0.224609 0.184766 0.507812
0 0.769531 0.353906 0.2125 0.184375 0.65918
0 0.785742 0.353711 0.225391 0.183203 0.602051
0 0.788867 0.356055 0.247266 0.186328 0.624512
1 0.789844 0.354297 0.251563 0.183594 0.583008
1 0.792188 0.353906 0.25 0.180469 0.558105
1 0.775 0.355859 0.215625 0.185156 0.50293
1 0.8125 0.3625 0.289062 0.196094 0.637207
1 0.795313 0.359766 0.254687 0.192969 0.78125
1 0.773828 0.356836 0.208594 0.191797 0.874023
1 0.778125 0.35293 0.21875 0.185547 0.824219
1 0.781055 0.355469 0.225391 0.185937 0.689453
1 0.785742 0.358398 0.225391 0.189453 0.57959
1 0.776563 0.357812 0.2125 0.1875 0.523438
1 0.77832 0.354102 0.227734 0.180078 0.511719
1 0.770313 0.353125 0.220313 0.179688 0.561035
1 0.764063 0.355859 0.1875 0.1875 0.527344
1 0.7625 0.355664 0.185937 0.188672 0.711426
1 0.771484 0.354297 0.203906 0.185156 0.736328
1 0.778906 0.353906 0.214063 0.182812 0.693359
1 0.779688 0.353125 0.2125 0.178125 0.616211
0 0.776563 0.357031 0.207813 0.186719 0.583984
1 0.781445 0.354297 0.215234 0.179688 0.773438
1 0.781445 0.355859 0.212109 0.182812 0.904785
1 0.77793 0.355664 0.206641 0.183203 0.923828
0 0.786133 0.356641 0.224609 0.186719 0.661133
1 0.769531 0.35293 0.204687 0.184766 0.71875
1 0.782812 0.354492 0.221875 0.180078 0.748535
1 0.786719 0.354297 0.23125 0.178906 0.736328
1 0.788281 0.354297 0.23125 0.172656 0.583008
1 0.775 0.352344 0.215625 0.176563 0.52832
1 0.778906 0.355273 0.210938 0.186328 0.544922
1 0.749609 0.387891 0.161719 0.11875 0.650391
1 0.782812 0.301953 0.204688 0.0773438 0.550781
1 0.778125 0.326172 0.209375 0.125781 0.536133
1 0.773047 0.354688 0.202344 0.180469 0.526367
1 0.767969 0.354883 0.195312 0.186328 0.689941
1 0.771875 0.352734 0.195312 0.178125 0.588867
0 0.729688 0.388672 0.125 0.11875 0.730469
1 0.771484 0.351953 0.202344 0.175781 0.63623
1 0.773047 0.350977 0.200781 0.176953 0.753418
1 0.775781 0.351953 0.214063 0.177344 0.704102
1 0.78418 0.352734 0.231641 0.177344 0.769531
1 0.779883 0.353125 0.221484 0.180469 0.813965
1 0.778906 0.35293 0.2125 0.177734 0.807617
1 0.779688 0.35293 0.2125 0.176953 0.756836
1 0.779883 0.353906 0.212109 0.179688 0.865723
1 0.779492 0.352734 0.209766 0.177344 0.836914
1 0.776758 0.351562 0.212109 0.177344 0.900391
1 0.775781 0.350781 0.2125 0.175 0.87207
1 0.778906 0.353906 0.210938 0.178125 0.74707
1 0.732031 0.356641 0.123437 0.183594 0.708984
1 0.779688 0.353516 0.215625 0.178125 0.757812
1 0.732813 0.356445 0.120313 0.184766 0.71875
1 0.783594 0.324805 0.214063 0.123828 0.516602
1 0.791406 0.353516 0.225 0.175781 0.814453
1 0.793555 0.352734 0.237891 0.178125 0.881836
1 0.774219 0.35293 0.217187 0.180859 0.807617
1 0.773047 0.351172 0.213281 0.178906 0.681641
1 0.778125 0.353125 0.210938 0.178125 0.773926
1 0.779492 0.349414 0.209766 0.170703 0.818359
1 0.770313 0.35293 0.198438 0.177734 0.598145
1 0.76875 0.352734 0.192188 0.175 0.745605
1 0.787305 0.348242 0.219141 0.169922 0.833008
1 0.792188 0.35 0.223438 0.170312 0.821777
1 0.79082 0.349805 0.224609 0.173828 0.818359
1 0.792188 0.349805 0.226562 0.173828 0.859375
1 0.782813 0.351367 0.21875 0.177734 0.845215
1 0.774609 0.351367 0.203906 0.176953 0.788574
1 0.769531 0.351953 0.192187 0.175781 0.764648
1 0.767187 0.351953 0.189063 0.176563 0.76123
1 0.769141 0.354883 0.189844 0.181641 0.826172
1 0.766406 0.353516 0.185937 0.18125 0.864746
1 0.764453 0.354688 0.189844 0.180469 0.887695
1 0.764844 0.351953 0.195312 0.175781 0.834961
1 0.767187 0.35332 0.192187 0.177734 0.862793
1 0.771094 0.351172 0.204688 0.178125 0.853516
1 0.772656 0.350586 0.198437 0.176953 0.80127
1 0.732813 0.354102 0.121875 0.183203 0.647949
1 0.767969 0.352344 0.192187 0.179688 0.754395
1 0.732422 0.355078 0.124219 0.184375 0.555664
1 0.771094 0.351758 0.201562 0.178516 0.782715
1 0.772656 0.347852 0.2 0.169922 0.779785
1 0.776563 0.347656 0.20625 0.170312 0.794434
1 0.778125 0.349805 0.20625 0.172266 0.791016
1 0.773047 0.351172 0.197656 0.176562 0.793945
1 0.770703 0.350586 0.192969 0.175391 0.810059
1 0.766406 0.351953 0.190625 0.177344 0.836914
1 0.766406 0.353125 0.189063 0.180469 0.814453
1 0.76875 0.353125 0.184375 0.178125 0.798828
1 0.730469 0.357031 0.115625 0.182031 0.734863
1 0.767187 0.351758 0.189063 0.174609 0.539062
1 0.769141 0.351953 0.188281 0.178125 0.705566
1 0.7375 0.354688 0.126562 0.182031 0.67041
1 0.766797 0.352344 0.185156 0.178906 0.690918
1 0.73125 0.356445 0.11875 0.182422 0.59375
1 0.769141 0.353906 0.191406 0.180469 0.662598
1 0.770703 0.350391 0.207031 0.177344 0.831055
1 0.771094 0.35332 0.198438 0.180078 0.892578
1 0.769531 0.354297 0.195312 0.178906 0.885742
1 0.76875 0.354688 0.195312 0.178125 0.859863
1 0.766406 0.352148 0.192187 0.173828 0.84082
1 0.766016 0.351367 0.194531 0.175391 0.754883
1 0.767578 0.351562 0.202344 0.180469 0.76416
1 0.770703 0.351953 0.197656 0.180469 0.757812
1 0.770313 0.351562 0.2 0.177344 0.771973
1 0.769922 0.352344 0.203906 0.175781 0.825684
1 0.770313 0.352148 0.201562 0.177734 0.780762
1 0.771094 0.351758 0.203125 0.178516 0.741699
1 0.773438 0.351562 0.207812 0.177344 0.73584
1 0.777344 0.350391 0.209375 0.175 0.769043
1 0.775781 0.351953 0.201563 0.178906 0.816406
1 0.772656 0.351953 0.204687 0.178906 0.837402
1 0.768359 0.352539 0.197656 0.177734 0.865234
1 0.767187 0.353125 0.198438 0.176562 0.844727
1 0.767969 0.351953 0.20625 0.178906 0.790527
1 0.769531 0.352734 0.207812 0.178906 0.773438
1 0.767969 0.353125 0.20625 0.179688 0.804199
1 0.767969 0.352344 0.203125 0.177344 0.823242
1 0.768359 0.352539 0.194531 0.177734 0.847168
1 0.767188 0.352734 0.195312 0.178125 0.836426
1 0.766797 0.352148 0.192969 0.178516 0.809082
1 0.76875 0.355078 0.190625 0.180469 0.820801
1 0.769531 0.354883 0.192187 0.180859 0.810547
1 0.769141 0.353125 0.200781 0.178906 0.854004
1 0.771875 0.351953 0.201563 0.178125 0.876465
1 0.772656 0.351562 0.201563 0.176562 0.835449
1 0.769922 0.352344 0.202344 0.177344 0.788574
1 0.766406 0.352344 0.2 0.178125 0.804199
1 0.766406 0.351562 0.203125 0.178125 0.842773
1 0.767969 0.351758 0.203125 0.177734 0.842773
1 0.771875 0.352148 0.207812 0.178516 0.789062
1 0.773047 0.351953 0.210156 0.178906 0.656738
1 0.773047 0.352734 0.213281 0.178906 0.65332
1 0.771875 0.352539 0.2125 0.179297 0.705078
1 0.771094 0.352344 0.210938 0.179688 0.799316
1 0.771094 0.352344 0.207812 0.179688 0.839844
1 0.766406 0.353906 0.192187 0.182031 0.810547
1 0.765625 0.35332 0.190625 0.181641 0.757812
1 0.771094 0.354688 0.195312 0.182813 0.553711
1 0.772656 0.351953 0.204687 0.178125 0.656738
1 0.773047 0.351953 0.207031 0.177344 0.675781
1 0.777344 0.354102 0.20625 0.180859 0.708984
1 0.775195 0.353516 0.202734 0.18125 0.730469
1 0.775781 0.353516 0.203125 0.182031 0.729492
1 0.776563 0.353906 0.20625 0.182812 0.677246
1 0.776563 0.354102 0.20625 0.182422 0.666992
1 0.767969 0.354102 0.195312 0.182422 0.731934
1 0.767188 0.354297 0.195312 0.182031 0.754883
1 0.769531 0.353516 0.198438 0.180469 0.769531
1 0.770313 0.353516 0.201562 0.179688 0.791992
1 0.771094 0.351562 0.207812 0.177344 0.805664
1 0.771094 0.351562 0.209375 0.177344 0.803223
1 0.771094 0.351367 0.209375 0.176953 0.81543
1 0.771094 0.351367 0.209375 0.176953 0.830078
1 0.771484 0.351172 0.208594 0.177344 0.868164
1 0.770703 0.351562 0.207031 0.177344 0.871582
1 0.76875 0.351953 0.20625 0.177344 0.864258
1 0.768359 0.351758 0.207031 0.177734 0.854004
1 0.768359 0.351953 0.207031 0.177344 0.847168
1 0.76875 0.351953 0.207813 0.177344 0.84082
1 0.769531 0.351758 0.207812 0.177734 0.848145
1 0.770313 0.351758 0.207812 0.177734 0.850098
1 0.770703 0.351758 0.208594 0.177734 0.851074
1 0.770703 0.351758 0.208594 0.177734 0.855957
1 0.770703 0.351953 0.208594 0.177344 0.859863
1 0.768359 0.352539 0.194531 0.177734 0.847168
