1 0.477734 0.593359 0.25625 0.313281 0.596191
1 0.53125 0.747656 0.2625 0.304688 0.541992
0 0.520312 0.557031 0.153125 0.146875 0.621582
1 0.520312 0.557031 0.153125 0.146875 0.571777
1 0.51875 0.55625 0.146875 0.140625 0.769531
0 0.518359 0.553906 0.146875 0.140625 0.725586
0 0.521875 0.559766 0.155469 0.15 0.810547
1 0.521875 0.559766 0.155469 0.15 0.583008
0 0.520312 0.555859 0.15625 0.145313 0.856445
1 0.520312 0.555859 0.15625 0.145313 0.819824
1 0.522656 0.559375 0.151562 0.145313 0.873047
0 0.522656 0.559375 0.151562 0.145313 0.850098
1 0.520703 0.557813 0.15625 0.139063 0.810059
0 0.521094 0.557422 0.15625 0.140625 0.668945
0 0.519531 0.55625 0.145313 0.14375 0.671387
1 0.519531 0.55625 0.145313 0.14375 0.63623
0 0.522656 0.557031 0.154688 0.142188 0.619629
0 0.521094 0.559375 0.148438 0.142188 0.594727
0 0.521875 0.557813 0.146094 0.140625 0.506836
0 0.51875 0.557813 0.153125 0.140625 0.630859
0 0.517969 0.55625 0.157031 0.142188 0.779785
0 0.519531 0.554297 0.154687 0.141406 0.585938
0 0.519531 0.558984 0.153125 0.146094 0.53418
0 0.519531 0.559375 0.15 0.147656 0.504883
0 0.521875 0.558594 0.151562 0.145313 0.700195
0 0.519141 0.557813 0.152344 0.140625 0.70166
0 0.519531 0.557031 0.15 0.142188 0.633301
0 0.517969 0.55625 0.15 0.139062 0.649414
0 0.522656 0.555469 0.148438 0.134375 0.70166
1 0.524219 0.557031 0.148437 0.142188 0.505859
0 0.522656 0.554297 0.151562 0.146094 0.596191
0 0.522656 0.55625 0.145313 0.14375 0.811035
0 0.521875 0.555469 0.145312 0.140625 0.860352
0 0.520313 0.553125 0.151563 0.1375 0.808105
0 0.519141 0.557813 0.145312 0.142188 0.746094
1 0.519531 0.555078 0.151563 0.139063 0.734863
1 0.520703 0.55625 0.157813 0.14375 0.920898
1 0.519922 0.554688 0.155469 0.140625 0.837402
0 0.519922 0.558594 0.150781 0.146875 0.76709
1 0.51875 0.555469 0.149219 0.139062 0.614258
0 0.520703 0.55625 0.146094 0.142188 0.739258
0 0.519922 0.557813 0.150781 0.142188 0.899902
0 0.522656 0.558984 0.148438 0.146094 0.983887
0 0.522656 0.557031 0.15 0.148438 0.90918
0 0.519531 0.557813 0.154687 0.148438 0.890137
0 0.517969 0.558594 0.14375 0.145313 0.942871
0 0.519531 0.55625 0.151563 0.146875 0.933594
0 0.520312 0.555469 0.154687 0.140625 0.926758
0 0.519531 0.555859 0.151563 0.142969 0.95459
0 0.521875 0.555469 0.150781 0.14375 0.568848
0 0.519531 0.554688 0.15 0.146875 0.86377
0 0.51875 0.557813 0.15 0.146875 0.853516
0 0.51875 0.558594 0.151562 0.144531 0.816895
0 0.520312 0.558594 0.153125 0.14375 0.964355
0 0.521875 0.558984 0.15625 0.14375 0.75
0 0.519922 0.558594 0.155469 0.14375 0.879883
0 0.519531 0.557422 0.150781 0.144531 0.997559
0 0.521875 0.559375 0.155469 0.145313 0.995605
0 0.520313 0.558594 0.15 0.144531 0.96582
0 0.522266 0.557031 0.147656 0.142188 0.963867
0 0.520313 0.557031 0.151563 0.145312 0.875
0 0.520313 0.557031 0.15 0.140625 0.921387
0 0.519531 0.557813 0.146875 0.140625 0.949219
0 0.520703 0.558594 0.149219 0.139062 0.958984
0 0.520313 0.558594 0.151563 0.14375 0.935547
0 0.519531 0.557422 0.153125 0.142969 0.92627
0 0.519531 0.557813 0.146875 0.145313 0.92041
0 0.519141 0.557031 0.15 0.146875 0.9375
0 0.521094 0.558203 0.154687 0.140625 0.834473
0 0.519531 0.557813 0.15 0.142969 0.90332
0 0.519531 0.559375 0.151563 0.145313 0.960449
0 0.519531 0.557422 0.153125 0.140625 0.95459
0 0.521875 0.55625 0.151562 0.142188 0.890625
0 0.520312 0.553906 0.153125 0.142188 0.884277
0 0.521094 0.555078 0.148438 0.142969 0.908203
0 0.51875 0.555469 0.15 0.145313 0.920898
0 0.520312 0.555078 0.148437 0.139844 0.942871
0 0.520703 0.554688 0.151562 0.135938 0.949707
0 0.51875 0.557031 0.145313 0.14375 0.952148
0 0.520313 0.557031 0.14375 0.14375 0.954102
0 0.51875 0.557813 0.150781 0.145313 0.939453
0 0.522266 0.555469 0.151563 0.141406 0.96582
0 0.519922 0.555469 0.150781 0.1375 0.88916
0 0.519531 0.55625 0.146875 0.139844 0.864746
0 0.519531 0.55625 0.15 0.139062 0.929688
0 0.519531 0.554297 0.151563 0.140625 0.953613
0 0.520703 0.55625 0.152344 0.140625 0.926758
0 0.519531 0.557422 0.154687 0.14375 0.931641
0 0.519922 0.557031 0.150781 0.142188 0.960938
0 0.519531 0.558203 0.152344 0.139844 0.969727
0 0.51875 0.557813 0.151562 0.142188 0.946289
0 0.51875 0.557813 0.148438 0.14375 0.939453
0 0.519531 0.555859 0.15 0.14375 0.967773
0 0.520312 0.555469 0.149219 0.1375 0.951172
0 0.521094 0.55625 0.153125 0.140625 0.920898
0 0.521875 0.55625 0.152344 0.140625 0.920898
0 0.521094 0.558594 0.153125 0.145313 0.925293
0 0.520703 0.555469 0.151562 0.14375 0.912598
0 0.521094 0.55625 0.146875 0.142188 0.900391
0 0.519531 0.555469 0.15 0.140625 0.887695
0 0.519141 0.557031 0.150781 0.146875 0.845215
0 0.520313 0.554688 0.15 0.1375 0.924316
0 0.517969 0.555469 0.15 0.1375 0.902344
0 0.519531 0.55625 0.146875 0.139062 0.92627
0 0.519141 0.556641 0.146094 0.138281 0.902832
0 0.519531 0.557031 0.148438 0.140625 0.904297
0 0.522656 0.55625 0.154688 0.140625 0.857422
0 0.519531 0.557031 0.146875 0.139063 0.903809
0 0.521484 0.558594 0.149219 0.14375 0.931641
0 0.520312 0.557031 0.148437 0.140625 0.95166
0 0.521094 0.557031 0.153125 0.140625 0.928223
0 0.519531 0.557813 0.15 0.140625 0.931152
0 0.519922 0.557031 0.150781 0.139063 0.932129
0 0.521094 0.555469 0.15 0.1375 0.946289
0 0.519531 0.55625 0.151563 0.140625 0.957031
0 0.520312 0.55625 0.153125 0.140625 0.939941
0 0.519922 0.557031 0.149219 0.140625 0.952637
0 0.519141 0.558984 0.149219 0.142969 0.943359
0 0.521094 0.557813 0.153125 0.14375 0.939453
0 0.520313 0.557813 0.151563 0.146875 0.931641
0 0.51875 0.557031 0.151562 0.14375 0.923828
0 0.520313 0.556641 0.151563 0.142969 0.928711
0 0.519141 0.55625 0.151563 0.14375 0.810059
0 0.519531 0.556641 0.152344 0.142969 0.894531
0 0.519141 0.558594 0.152344 0.142187 0.939453
0 0.519531 0.557031 0.154687 0.141406 0.927734
0 0.519141 0.555859 0.153125 0.146094 0.933594
0 0.519531 0.55625 0.153125 0.14375 0.918945
0 0.519531 0.556641 0.153906 0.144531 0.914062
0 0.520313 0.557422 0.151563 0.146875 0.933105
0 0.519141 0.557813 0.152344 0.146094 0.947266
0 0.519531 0.557813 0.153125 0.14375 0.945801
0 0.520312 0.557813 0.153125 0.14375 0.934082
0 0.51875 0.557813 0.153125 0.146094 0.911621
0 0.51875 0.558594 0.154688 0.14375 0.881836
0 0.519531 0.558203 0.153125 0.142188 0.895996
0 0.520312 0.558594 0.152344 0.14375 0.91748
0 0.519531 0.558203 0.153906 0.144531 0.924316
0 0.519531 0.557422 0.153125 0.144531 0.939941
0 0.519531 0.558594 0.151563 0.142187 0.945801
0 0.519531 0.558203 0.152344 0.144531 0.955078
0 0.520312 0.557031 0.153125 0.142188 0.948242
0 0.51875 0.557422 0.154688 0.14375 0.922363
0 0.519141 0.557422 0.154687 0.144531 0.908691
0 0.519531 0.557813 0.154687 0.146875 0.92627
0 0.519922 0.557031 0.15625 0.145312 0.935547
0 0.519531 0.55625 0.153125 0.145312 0.956055
0 0.520312 0.558203 0.154687 0.146875 0.939453
0 0.519531 0.557813 0.154687 0.145313 0.923828
0 0.519531 0.558594 0.153125 0.145313 0.928711
0 0.521094 0.557813 0.152344 0.145313 0.947754
0 0.520703 0.557031 0.152344 0.14375 0.954102
0 0.520312 0.557813 0.153125 0.145313 0.9375
0 0.519531 0.557031 0.152344 0.146875 0.93457
0 0.519531 0.55625 0.153906 0.14375 0.956543
0 0.519531 0.55625 0.153125 0.14375 0.960449
0 0.519922 0.557422 0.152344 0.145313 0.94873
0 0.519531 0.557031 0.151563 0.146875 0.942871
0 0.519531 0.557813 0.153125 0.146875 0.938477
0 0.51875 0.557422 0.153125 0.146094 0.9375
0 0.519922 0.55625 0.152344 0.142188 0.940918
0 0.519531 0.557031 0.151563 0.14375 0.943848
0 0.519141 0.557031 0.152344 0.14375 0.941895
0 0.518359 0.555859 0.15 0.144531 0.935547
0 0.51875 0.55625 0.151562 0.142969 0.938477
0 0.519531 0.557031 0.153125 0.142969 0.938965
0 0.51875 0.555859 0.153125 0.138281 0.944336
0 0.51875 0.555859 0.151562 0.138281 0.94873
0 0.519531 0.557031 0.151563 0.140625 0.950195
0 0.519922 0.55625 0.152344 0.139062 0.943359
0 0.520312 0.555859 0.153125 0.141406 0.935059
0 0.520312 0.55625 0.153125 0.14375 0.933594
0 0.520312 0.557031 0.153125 0.145312 0.944824
0 0.519531 0.557031 0.153125 0.14375 0.95166
0 0.519531 0.55625 0.153125 0.142188 0.953125
0 0.519922 0.556641 0.153906 0.142969 0.953125
0 0.520312 0.557031 0.154687 0.14375 0.946777
0 0.520312 0.557031 0.154687 0.14375 0.941895
0 0.519922 0.557422 0.153906 0.14375 0.942383
0 0.519922 0.557031 0.153906 0.14375 0.947754
0 0.520312 0.557031 0.153125 0.145312 0.95166
0 0.520313 0.557031 0.151563 0.145312 0.954102
0 0.520312 0.557031 0.153125 0.145312 0.949219
0 0.519531 0.557031 0.153125 0.145312 0.943848
0 0.519141 0.557031 0.153125 0.145312 0.941406
0 0.519531 0.557031 0.153125 0.145312 0.942871
0 0.519531 0.557031 0.153125 0.145312 0.950195
0 0.519531 0.557031 0.153125 0.145312 0.954102
0 0.519531 0.557031 0.153125 0.145312 0.956543
0 0.519141 0.557031 0.153125 0.145312 0.956543
0 0.519141 0.557031 0.153125 0.144531 0.955078
0 0.519531 0.557813 0.154687 0.146875 0.92627
