1 0.538281 0.503906 0.121875 0.129688 0.548828
0 0.540234 0.504688 0.125781 0.134375 0.517578
1 0.538672 0.502344 0.120313 0.13125 0.500977
1 0.537891 0.504687 0.122656 0.123437 0.689941
0 0.539844 0.505469 0.125 0.125 0.662598
1 0.538281 0.501563 0.125781 0.126563 0.67041
0 0.537891 0.497656 0.121094 0.121875 0.612305
1 0.537891 0.497656 0.121094 0.121875 0.526367
0 0.535547 0.503125 0.119531 0.129688 0.594727
1 0.5375 0.500781 0.115625 0.129688 0.626953
0 0.540234 0.5 0.114844 0.129688 0.544922
1 0.537891 0.504688 0.122656 0.135938 0.544922
0 0.542188 0.503906 0.121875 0.13125 0.506836
1 0.539062 0.503125 0.126562 0.127344 0.556641
0 0.539453 0.5 0.125 0.125 0.582031
1 0.537891 0.502344 0.125 0.126563 0.569824
0 0.538281 0.503125 0.121875 0.126563 0.57959
0 0.539062 0.502734 0.126562 0.125781 0.723145
0 0.536719 0.502344 0.125 0.125 0.795898
0 0.539453 0.501172 0.121875 0.125781 0.773926
0 0.539062 0.502734 0.121875 0.127344 0.819824
1 0.539453 0.501953 0.122656 0.132031 0.756348
1 0.5375 0.505078 0.126563 0.135156 0.759766
1 0.540625 0.504687 0.126563 0.132812 0.587891
1 0.5375 0.505469 0.126563 0.129687 0.65918
1 0.538281 0.501562 0.125 0.13125 0.638672
0 0.536719 0.503516 0.127344 0.133594 0.608398
0 0.536719 0.500781 0.123437 0.13125 0.85498
0 0.5375 0.502344 0.123438 0.132813 0.661133
1 0.538281 0.503125 0.125 0.134375 0.63623
0 0.5375 0.503125 0.125 0.134375 0.559082
0 0.537891 0.502344 0.121094 0.128125 0.791992
0 0.540234 0.501562 0.128906 0.128125 0.808594
0 0.536719 0.503906 0.123437 0.126562 0.882812
0 0.536719 0.501562 0.123437 0.13125 0.916016
1 0.538672 0.500781 0.125781 0.129688 0.75293
0 0.537109 0.502734 0.125781 0.132812 0.608398
0 0.537109 0.501563 0.125781 0.132813 0.775879
0 0.537891 0.503906 0.126563 0.135938 0.708008
0 0.537109 0.503906 0.124219 0.13125 0.740234
1 0.535156 0.503125 0.121875 0.132812 0.60498
1 0.536719 0.506641 0.117188 0.135156 0.619629
0 0.538281 0.505078 0.123438 0.129688 0.652344
1 0.536719 0.505859 0.120313 0.132812 0.536133
0 0.540625 0.504297 0.120313 0.130469 0.995605
0 0.539844 0.501953 0.123437 0.13125 0.966309
0 0.539844 0.502344 0.121875 0.13125 0.801758
0 0.541406 0.502344 0.121094 0.129687 0.873047
1 0.535937 0.501563 0.123437 0.134375 0.535156
0 0.537891 0.502344 0.124219 0.132813 0.637207
0 0.536719 0.503125 0.121875 0.129688 0.673828
0 0.538281 0.503516 0.123438 0.126563 0.705078
1 0.5375 0.505469 0.117188 0.13125 0.604004
0 0.537109 0.505859 0.124219 0.133594 0.85498
1 0.537109 0.504687 0.120313 0.13125 0.719238
1 0.5375 0.503125 0.11875 0.13125 0.684082
1 0.5375 0.501953 0.123438 0.122656 0.678223
0 0.538281 0.502344 0.123438 0.124219 0.564941
0 0.538281 0.501562 0.123438 0.129687 0.708984
0 0.537891 0.501172 0.123437 0.126563 0.898438
0 0.537109 0.501953 0.126562 0.125781 0.943359
0 0.538281 0.502344 0.121875 0.132031 0.841309
0 0.5375 0.502344 0.122656 0.13125 0.811035
0 0.537891 0.502734 0.122656 0.127344 0.876953
0 0.5375 0.503125 0.123438 0.132812 0.908203
0 0.537109 0.502734 0.127344 0.130469 0.839355
0 0.539062 0.501953 0.121875 0.128906 0.914062
0 0.538672 0.501953 0.121094 0.127344 0.833008
0 0.5375 0.503125 0.121875 0.128125 0.935547
0 0.5375 0.502734 0.121875 0.130469 0.868164
0 0.538672 0.503906 0.121094 0.13125 0.913574
0 0.5375 0.501953 0.125 0.125781 0.656738
0 0.536719 0.503125 0.123437 0.128125 0.769531
0 0.5375 0.504297 0.11875 0.126563 0.914062
0 0.5375 0.503125 0.120312 0.133594 0.914062
0 0.5375 0.50625 0.123438 0.134375 0.89502
0 0.536328 0.504687 0.123438 0.135156 0.914062
0 0.5375 0.503516 0.120312 0.135156 0.928223
0 0.539062 0.502344 0.11875 0.128125 0.942383
0 0.539453 0.500781 0.121875 0.128906 0.879395
0 0.539062 0.501562 0.121875 0.13125 0.841309
0 0.539062 0.499219 0.11875 0.129688 0.917969
0 0.539062 0.500781 0.120313 0.128125 0.893066
0 0.5375 0.5 0.123438 0.128906 0.88916
0 0.537109 0.5 0.122656 0.128906 0.813477
0 0.536719 0.502734 0.121875 0.132031 0.865723
0 0.5375 0.501562 0.123438 0.13125 0.787109
0 0.5375 0.502344 0.123438 0.132813 0.779297
0 0.5375 0.502344 0.125 0.134375 0.789062
0 0.538281 0.505859 0.123438 0.136719 0.789062
0 0.539062 0.503125 0.121875 0.134375 0.840332
0 0.538672 0.5 0.122656 0.129688 0.789062
0 0.538672 0.5 0.122656 0.128125 0.860352
0 0.5375 0.500781 0.121875 0.123437 0.884277
0 0.538281 0.500391 0.123438 0.125781 0.879395
0 0.538281 0.499219 0.123438 0.123438 0.692871
1 0.538281 0.499219 0.123438 0.128125 0.513672
0 0.536328 0.501562 0.121875 0.129687 0.893555
0 0.5375 0.500781 0.123438 0.128125 0.831543
0 0.536719 0.499219 0.121094 0.125 0.949707
0 0.538281 0.502344 0.123438 0.13125 0.924805
0 0.5375 0.503906 0.123438 0.132812 0.908203
0 0.538281 0.503516 0.125 0.128906 0.871094
0 0.537891 0.502344 0.123437 0.126563 0.881348
0 0.536719 0.501562 0.123437 0.128125 0.925293
0 0.5375 0.502344 0.125 0.130469 0.90918
0 0.537891 0.502734 0.121094 0.130469 0.931152
0 0.535937 0.503906 0.123437 0.128125 0.92041
0 0.537109 0.502344 0.122656 0.130469 0.924316
0 0.537891 0.503125 0.121094 0.13125 0.910645
1 0.538281 0.502344 0.123438 0.129687 0.694336
0 0.538281 0.503125 0.122656 0.132812 0.833008
1 0.538281 0.503125 0.120312 0.132812 0.818848
1 0.538281 0.502344 0.120312 0.132813 0.78418
0 0.535938 0.503906 0.120313 0.129688 0.883789
0 0.535937 0.502734 0.121875 0.128906 0.875488
0 0.536719 0.501562 0.120313 0.129687 0.930664
0 0.5375 0.501172 0.120312 0.128906 0.918945
0 0.536719 0.502344 0.121875 0.129687 0.914062
0 0.536719 0.503125 0.121094 0.130469 0.922852
0 0.535547 0.503125 0.121094 0.13125 0.932617
0 0.535937 0.503906 0.121875 0.132812 0.92627
0 0.5375 0.503516 0.121875 0.133594 0.920898
0 0.538281 0.501953 0.123438 0.133594 0.907715
0 0.5375 0.502734 0.126563 0.130469 0.873535
0 0.5375 0.501172 0.123438 0.130469 0.888184
0 0.537891 0.503125 0.121875 0.130469 0.924316
0 0.5375 0.503125 0.121875 0.129688 0.928223
0 0.537891 0.500781 0.121875 0.132812 0.924316
0 0.5375 0.501953 0.120312 0.13125 0.936035
0 0.537891 0.501562 0.122656 0.129687 0.949707
0 0.538281 0.502344 0.123438 0.130469 0.941895
0 0.537891 0.503906 0.124219 0.132812 0.910645
0 0.538281 0.503906 0.123438 0.13125 0.898438
0 0.538281 0.503906 0.121875 0.132031 0.913086
0 0.538281 0.503125 0.121875 0.130469 0.893066
0 0.539062 0.501953 0.120313 0.130469 0.949707
0 0.539062 0.503516 0.120313 0.132031 0.933594
0 0.538281 0.501562 0.121875 0.129687 0.908203
0 0.538281 0.503125 0.121875 0.13125 0.916016
0 0.538281 0.503125 0.123438 0.132812 0.939941
0 0.538281 0.503125 0.121875 0.13125 0.949707
0 0.538281 0.503906 0.123438 0.13125 0.9375
0 0.537891 0.503125 0.122656 0.132812 0.928223
0 0.5375 0.502734 0.122656 0.132812 0.942383
0 0.537891 0.503125 0.123437 0.132812 0.947754
0 0.5375 0.503906 0.121875 0.134375 0.933105
0 0.538281 0.503125 0.121875 0.132812 0.926758
0 0.538281 0.503906 0.121875 0.132812 0.92627
0 0.538281 0.503125 0.121875 0.132812 0.932617
0 0.538281 0.502344 0.123438 0.13125 0.938477
0 0.538281 0.503125 0.125 0.13125 0.936523
0 0.537891 0.502344 0.123437 0.13125 0.938965
0 0.5375 0.501953 0.121875 0.130469 0.925293
0 0.536719 0.503516 0.121094 0.132031 0.927246
0 0.5375 0.504297 0.123438 0.132813 0.930664
0 0.537891 0.503516 0.122656 0.132031 0.937012
0 0.538281 0.503125 0.121875 0.132812 0.941895
0 0.538281 0.503125 0.123438 0.132812 0.938477
0 0.538281 0.503125 0.123438 0.13125 0.933594
0 0.538281 0.502344 0.123438 0.129687 0.920898
0 0.537891 0.502734 0.124219 0.132031 0.915039
0 0.537891 0.503125 0.124219 0.134375 0.925293
0 0.5375 0.502734 0.123438 0.133594 0.927734
0 0.5375 0.502344 0.121875 0.13125 0.936035
0 0.5375 0.502344 0.122656 0.13125 0.939941
0 0.5375 0.502344 0.122656 0.132031 0.935547
0 0.5375 0.503125 0.122656 0.134375 0.928711
0 0.5375 0.503125 0.121875 0.13125 0.926758
0 0.5375 0.503125 0.121875 0.132812 0.930176
0 0.538281 0.503125 0.121875 0.134375 0.932617
0 0.538281 0.502734 0.121875 0.135156 0.935059
0 0.5375 0.503125 0.121875 0.134375 0.931641
0 0.5375 0.503125 0.123438 0.134375 0.925781
0 0.5375 0.503125 0.123438 0.134375 0.920898
0 0.5375 0.503125 0.122656 0.134375 0.921875
0 0.5375 0.503516 0.123438 0.134375 0.932129
0 0.5375 0.503125 0.121875 0.134375 0.936035
0 0.5375 0.503125 0.122656 0.134375 0.939453
0 0.5375 0.503125 0.122656 0.134375 0.94043
0 0.5375 0.503516 0.122656 0.134375 0.94043
0 0.538281 0.503906 0.121875 0.132031 0.913086
