0 0.780469 0.345703 0.167187 0.164062 0.518555
0 0.78125 0.344531 0.16875 0.159375 0.637695
1 0.779688 0.339453 0.170313 0.153906 0.525391
0 0.77832 0.341797 0.165234 0.155469 0.730957
0 0.779883 0.343555 0.174609 0.161328 0.70166
1 0.779883 0.343555 0.174609 0.161328 0.581543
1 0.781055 0.346289 0.166016 0.154297 0.556641
0 0.779688 0.346484 0.165625 0.158594 0.541016
1 0.781445 0.341797 0.177734 0.155469 0.777344
0 0.781445 0.341797 0.177734 0.155469 0.610352
1 0.78125 0.344531 0.15625 0.164062 0.570801
0 0.782031 0.342969 0.170312 0.159375 0.554688
0 0.785156 0.340625 0.170313 0.157813 0.540039
0 0.784375 0.339844 0.171875 0.15625 0.508789
1 0.78125 0.341602 0.165625 0.160547 0.603027
0 0.776563 0.342383 0.1625 0.161328 0.608398
0 0.775195 0.342773 0.152734 0.158203 0.594727
1 0.779492 0.341797 0.166016 0.161719 0.512695
1 0.779688 0.341016 0.164062 0.157813 0.588867
1 0.780469 0.341211 0.165625 0.156641 0.608398
1 0.779688 0.345313 0.165625 0.160937 0.542969
1 0.782812 0.342188 0.165625 0.161719 0.684082
1 0.781055 0.34707 0.166016 0.164453 0.82373
1 0.779688 0.343945 0.15625 0.155078 0.87207
1 0.781445 0.342773 0.162109 0.159766 0.868164
1 0.782812 0.34082 0.165625 0.157422 0.75
1 0.780469 0.342773 0.165625 0.156641 0.753418
1 0.779688 0.34375 0.159375 0.160937 0.730469
1 0.779883 0.344141 0.162109 0.159375 0.592773
0 0.78125 0.342773 0.167188 0.157422 0.820801
0 0.782031 0.342578 0.164062 0.155469 0.65332
1 0.782812 0.340625 0.1625 0.158594 0.648926
1 0.779688 0.340234 0.167188 0.160156 0.730469
1 0.779688 0.341211 0.157812 0.158984 0.571777
1 0.781055 0.342188 0.166016 0.157031 0.654785
1 0.783594 0.343164 0.160937 0.155859 0.730957
1 0.779688 0.342578 0.164062 0.160156 0.762207
1 0.782031 0.345508 0.164062 0.158984 0.755859
0 0.77793 0.341211 0.159766 0.154297 0.598145
0 0.776563 0.343555 0.159375 0.151953 0.59082
0 0.778125 0.34375 0.164062 0.15625 0.639648
1 0.77832 0.344141 0.165234 0.154687 0.588867
0 0.780469 0.34375 0.1625 0.157813 0.893066
1 0.780469 0.343359 0.164062 0.155469 0.507812
0 0.781055 0.343359 0.166016 0.15625 0.619629
1 0.782617 0.344141 0.162891 0.157813 0.547852
1 0.78125 0.344531 0.165625 0.158594 0.778809
0 0.779688 0.340625 0.167188 0.155469 0.741699
1 0.779883 0.342969 0.165234 0.157031 0.710449
0 0.781445 0.340625 0.158984 0.157813 0.92041
0 0.78125 0.341211 0.160937 0.157422 0.772461
0 0.783008 0.341016 0.162109 0.15625 0.811523
1 0.78125 0.341016 0.16875 0.158594 0.830078
1 0.783008 0.342773 0.165234 0.154297 0.700684
1 0.78125 0.343359 0.160937 0.15625 0.602051
1 0.782031 0.341602 0.159375 0.150391 0.751465
1 0.783594 0.341992 0.151563 0.153516 0.73584
0 0.779688 0.341211 0.167188 0.156641 0.601074
1 0.78125 0.341406 0.160937 0.154688 0.586914
1 0.781445 0.343945 0.155859 0.160547 0.713867
0 0.782031 0.339453 0.160937 0.157031 0.714844
0 0.782813 0.341406 0.164062 0.15 0.86084
1 0.780469 0.342383 0.160938 0.155859 0.665527
0 0.78125 0.341992 0.159375 0.156641 0.633301
0 0.775 0.342773 0.14375 0.155078 0.689941
0 0.779883 0.34082 0.158984 0.155859 0.834473
0 0.78125 0.341602 0.160937 0.155859 0.799316
0 0.779883 0.342187 0.162109 0.160156 0.769043
0 0.778906 0.343359 0.1625 0.154688 0.723145
0 0.779688 0.341406 0.165625 0.15625 0.63623
1 0.780469 0.340234 0.165625 0.152344 0.584961
0 0.780469 0.341211 0.167187 0.155078 0.773438
0 0.782031 0.341797 0.164062 0.154687 0.864746
0 0.77832 0.342578 0.158984 0.158594 0.79248
1 0.779492 0.344727 0.162891 0.161328 0.564941
0 0.779492 0.343555 0.159766 0.158203 0.888184
0 0.780469 0.342969 0.160938 0.159375 0.876953
0 0.783008 0.342969 0.162109 0.15625 0.927734
1 0.781055 0.343555 0.166016 0.155078 0.847656
1 0.780469 0.342773 0.167187 0.156641 0.833008
0 0.782031 0.344141 0.1625 0.150781 0.867676
0 0.782031 0.342383 0.160937 0.153516 0.84668
0 0.781055 0.342773 0.159766 0.155078 0.842285
0 0.778906 0.342969 0.160937 0.159375 0.905762
0 0.783594 0.341406 0.1625 0.15625 0.911621
1 0.783594 0.344922 0.164062 0.15625 0.750488
0 0.780469 0.344336 0.1625 0.156641 0.893555
1 0.783594 0.344531 0.165625 0.157813 0.624512
0 0.782617 0.342969 0.162891 0.157813 0.53125
0 0.783594 0.341797 0.16875 0.160156 0.820312
0 0.780469 0.344531 0.165625 0.155469 0.845215
0 0.778906 0.342578 0.1625 0.157813 0.856445
1 0.779883 0.341406 0.165234 0.154688 0.835938
1 0.780469 0.343359 0.165625 0.157812 0.860352
1 0.779688 0.342383 0.164062 0.155078 0.890625
1 0.779688 0.34375 0.160937 0.153125 0.714844
1 0.779492 0.343359 0.162891 0.153906 0.866699
1 0.778125 0.344727 0.1625 0.156641 0.690918
0 0.779688 0.342969 0.15625 0.157031 0.874512
0 0.777344 0.343359 0.159375 0.153906 0.794434
0 0.778906 0.34375 0.159375 0.153125 0.831543
1 0.779688 0.342969 0.159375 0.153906 0.900879
1 0.78125 0.342383 0.159375 0.157422 0.784668
1 0.78125 0.341406 0.167188 0.155469 0.621582
0 0.781445 0.341016 0.165234 0.15625 0.556641
0 0.77832 0.341602 0.162109 0.156641 0.753418
0 0.780469 0.341797 0.165625 0.155469 0.711426
0 0.78125 0.341602 0.165625 0.153516 0.884277
0 0.78125 0.342383 0.165625 0.155859 0.827148
0 0.78125 0.342969 0.1625 0.155469 0.862793
0 0.779688 0.343359 0.1625 0.154688 0.74707
0 0.781445 0.341992 0.158984 0.154297 0.771973
0 0.777344 0.342383 0.15625 0.154297 0.820312
1 0.779688 0.343359 0.164062 0.152344 0.63623
0 0.778906 0.342969 0.160937 0.153125 0.544922
1 0.781055 0.345703 0.159766 0.153125 0.705078
1 0.779688 0.346094 0.1625 0.151562 0.858398
0 0.780469 0.342188 0.1625 0.157031 0.768555
1 0.783008 0.34375 0.165234 0.154687 0.505859
0 0.779688 0.342188 0.160937 0.157813 0.698242
1 0.78125 0.341797 0.1625 0.157031 0.916504
1 0.782813 0.342578 0.164062 0.157813 0.911621
1 0.782031 0.343555 0.167188 0.158203 0.927246
1 0.784375 0.34375 0.171875 0.157813 0.924316
1 0.78125 0.346094 0.16875 0.153125 0.631836
0 0.781055 0.345313 0.166016 0.154688 0.606934
1 0.780469 0.345703 0.170313 0.153125 0.607422
0 0.779688 0.342188 0.165625 0.157813 0.857422
0 0.779688 0.341406 0.165625 0.157812 0.87207
1 0.78125 0.341602 0.167188 0.155859 0.59375
0 0.78125 0.341016 0.165625 0.157813 0.584961
1 0.780469 0.342188 0.164062 0.157031 0.700684
1 0.780469 0.343359 0.165625 0.153906 0.849121
1 0.78125 0.344336 0.165625 0.154297 0.790039
1 0.778906 0.343555 0.165625 0.155859 0.529297
1 0.778125 0.341406 0.160937 0.155469 0.562012
0 0.781055 0.343359 0.162891 0.157812 0.53125
1 0.779492 0.342969 0.166016 0.152344 0.841797
0 0.782031 0.341406 0.164062 0.153906 0.822754
0 0.783008 0.342969 0.162109 0.153906 0.814453
1 0.78125 0.342578 0.164062 0.155469 0.811523
0 0.78125 0.342969 0.165625 0.155469 0.535156
0 0.781445 0.341797 0.168359 0.157031 0.872559
0 0.782031 0.342578 0.165625 0.153125 0.900879
0 0.782031 0.341602 0.16875 0.158203 0.928711
0 0.783594 0.342773 0.167188 0.155859 0.82959
0 0.78125 0.341797 0.165625 0.155469 0.830078
0 0.781445 0.342578 0.165234 0.153906 0.834473
0 0.782031 0.343359 0.1625 0.153906 0.845703
1 0.782812 0.344141 0.16875 0.155469 0.79248
0 0.78125 0.342773 0.164062 0.155859 0.903809
0 0.78125 0.344141 0.164062 0.154687 0.886719
0 0.782031 0.34375 0.164062 0.153125 0.769043
0 0.782031 0.344141 0.164062 0.153906 0.805664
0 0.783008 0.342578 0.165234 0.153906 0.862305
0 0.783008 0.342188 0.165234 0.153906 0.901855
0 0.782031 0.342969 0.164062 0.153906 0.911621
0 0.78125 0.341992 0.164062 0.155078 0.905273
0 0.781445 0.341016 0.165234 0.154687 0.910645
0 0.78125 0.341406 0.165625 0.153906 0.877441
0 0.782031 0.342969 0.165625 0.155469 0.790527
0 0.78125 0.342969 0.167188 0.157031 0.89502
0 0.78125 0.343359 0.167188 0.154688 0.86084
0 0.781055 0.343359 0.166016 0.154688 0.852051
0 0.781055 0.342969 0.166016 0.154687 0.740234
0 0.782031 0.34375 0.165625 0.15625 0.834473
0 0.780469 0.341211 0.164062 0.156641 0.901855
0 0.779688 0.341016 0.1625 0.157031 0.891602
0 0.778906 0.341406 0.1625 0.15625 0.899902
0 0.78125 0.343359 0.16875 0.15625 0.856934
0 0.78125 0.342578 0.16875 0.153906 0.858887
0 0.782031 0.342383 0.167188 0.153516 0.891113
0 0.782031 0.342969 0.167188 0.155469 0.915039
0 0.782031 0.343359 0.167188 0.155469 0.914062
0 0.782031 0.342773 0.16875 0.155078 0.901367
0 0.782812 0.342969 0.16875 0.155469 0.875977
0 0.782812 0.343164 0.16875 0.156641 0.833496
0 0.782031 0.342969 0.16875 0.155469 0.833496
0 0.782031 0.342969 0.16875 0.153906 0.86084
0 0.782031 0.342969 0.170312 0.153906 0.878906
0 0.782812 0.342969 0.170312 0.153906 0.880859
0 0.782812 0.342969 0.16875 0.154687 0.856934
0 0.782031 0.342969 0.16875 0.153906 0.817383
0 0.781445 0.342969 0.168359 0.153906 0.842773
0 0.782031 0.342969 0.167188 0.154687 0.864258
0 0.781055 0.342969 0.166016 0.154687 0.864258
0 0.78125 0.343359 0.167188 0.154688 0.82666
0 0.781445 0.342969 0.168359 0.154687 0.790527
0 0.780469 0.342969 0.167187 0.153906 0.796875
0 0.78125 0.342188 0.16875 0.153906 0.818848
0 0.78125 0.342383 0.16875 0.154297 0.84375
0 0.781445 0.342188 0.168359 0.154687 0.868164
0 0.781445 0.342188 0.168359 0.154687 0.872559
0 0.782031 0.342188 0.16875 0.154687 0.861328
0 0.782031 0.342383 0.16875 0.154297 0.859863
0 0.782031 0.343359 0.1625 0.153906 0.845703
