1 0.811719 0.496094 0.10625 0.100781 0.777344
0 0.811719 0.496875 0.104687 0.10625 0.667969
0 0.813867 0.500781 0.109766 0.108594 0.700684
1 0.813867 0.500781 0.109766 0.108594 0.59082
0 0.811719 0.5 0.110937 0.103125 0.59375
1 0.811719 0.5 0.110937 0.103125 0.559082
0 0.810742 0.501563 0.109766 0.103125 0.834473
1 0.810742 0.501563 0.109766 0.103125 0.798828
1 0.809375 0.495313 0.110938 0.0992188 0.637695
0 0.809375 0.495313 0.110938 0.0992188 0.514648
0 0.810938 0.497266 0.10625 0.100781 0.527344
0 0.811719 0.497266 0.109375 0.0960938 0.588867
0 0.810742 0.496875 0.103516 0.096875 0.515625
0 0.810938 0.497656 0.109375 0.096875 0.647949
1 0.812695 0.497656 0.108984 0.0953125 0.594727
0 0.811719 0.497656 0.107813 0.0984375 0.555664
0 0.809375 0.498828 0.109375 0.0960937 0.619629
1 0.816406 0.494922 0.1 0.0976562 0.635254
0 0.810156 0.498438 0.109375 0.096875 0.536133
0 0.810742 0.498438 0.109766 0.096875 0.608398
0 0.810156 0.498437 0.107812 0.0984375 0.509766
0 0.810938 0.497656 0.10625 0.0984375 0.542969
0 0.810156 0.498438 0.109375 0.096875 0.671387
0 0.810742 0.495313 0.109766 0.101562 0.557129
1 0.811719 0.494531 0.107813 0.0984375 0.537109
1 0.810938 0.498437 0.109375 0.0984375 0.633301
1 0.8125 0.496484 0.110937 0.100781 0.646973
1 0.811133 0.498828 0.108984 0.103906 0.661133
1 0.80957 0.499609 0.112109 0.1 0.674805
1 0.810156 0.499219 0.109375 0.1 0.744629
1 0.810742 0.500781 0.109766 0.1 0.729492
1 0.80957 0.5 0.108984 0.1 0.544922
0 0.808594 0.5 0.107813 0.1 0.525391
0 0.808594 0.497656 0.107813 0.1 0.746094
1 0.809375 0.497266 0.107812 0.0945313 0.746094
1 0.809375 0.498437 0.1125 0.0984375 0.815918
1 0.80957 0.497656 0.105859 0.1 0.685059
0 0.810156 0.498438 0.10625 0.1 0.665527
0 0.810938 0.496875 0.115625 0.101562 0.731934
0 0.810742 0.499219 0.109766 0.096875 0.682617
1 0.810156 0.496875 0.107812 0.101562 0.705566
1 0.813281 0.498828 0.107812 0.096875 0.86084
1 0.810742 0.499219 0.109766 0.0984375 0.739258
0 0.810742 0.500781 0.106641 0.101562 0.588867
1 0.80957 0.499609 0.108984 0.101563 0.667969
0 0.810156 0.499219 0.10625 0.101562 0.539062
1 0.810156 0.497266 0.109375 0.1 0.842285
0 0.810156 0.497656 0.107812 0.1 0.657715
1 0.811719 0.499609 0.107813 0.100781 0.74707
1 0.810938 0.5 0.110937 0.0984375 0.763672
0 0.810938 0.499219 0.10625 0.096875 0.628906
0 0.811719 0.497656 0.107813 0.1 0.861328
0 0.812695 0.497266 0.112109 0.0984375 0.754883
0 0.811719 0.496875 0.104687 0.096875 0.831055
1 0.810938 0.500781 0.110937 0.0992188 0.839844
1 0.811719 0.498828 0.109375 0.0945313 0.816406
0 0.810156 0.497656 0.109375 0.0960937 0.67041
1 0.812695 0.499219 0.102734 0.0984375 0.79248
1 0.810938 0.496875 0.107813 0.0960937 0.792969
1 0.810938 0.5 0.10625 0.0953125 0.859863
1 0.811719 0.5 0.10625 0.096875 0.817383
1 0.810938 0.498047 0.109375 0.0953125 0.812988
1 0.810742 0.497656 0.109766 0.1 0.771973
1 0.8125 0.498047 0.10625 0.0976562 0.630859
1 0.811719 0.498438 0.107813 0.0992188 0.569824
1 0.811133 0.496484 0.105859 0.100781 0.512695
0 0.811719 0.497656 0.109375 0.102344 0.543945
1 0.811133 0.496094 0.108984 0.101562 0.501953
1 0.8125 0.498437 0.107813 0.0984375 0.763672
1 0.8125 0.496094 0.109375 0.1 0.796875
1 0.811719 0.497656 0.107813 0.101563 0.796875
1 0.812305 0.497656 0.106641 0.0984375 0.541992
1 0.811719 0.498047 0.104687 0.102344 0.855469
1 0.810938 0.497656 0.107813 0.103125 0.811035
1 0.810742 0.497266 0.106641 0.103906 0.547852
1 0.809375 0.497656 0.109375 0.0984375 0.905762
1 0.810156 0.497266 0.109375 0.100781 0.880371
0 0.810938 0.498438 0.107813 0.0953125 0.604004
1 0.812305 0.496484 0.106641 0.0976563 0.699219
0 0.811133 0.499219 0.108984 0.0953125 0.788574
1 0.810938 0.497656 0.109375 0.096875 0.725098
1 0.8125 0.498438 0.10625 0.101563 0.806152
1 0.811719 0.498828 0.10625 0.096875 0.800293
0 0.810742 0.496875 0.106641 0.1 0.57959
1 0.813281 0.497656 0.109375 0.0984375 0.866699
1 0.8125 0.497656 0.1125 0.101563 0.754883
1 0.8125 0.497656 0.110937 0.096875 0.507812
1 0.812305 0.496875 0.109766 0.1 0.79248
1 0.8125 0.495313 0.107813 0.09375 0.87793
1 0.811133 0.497266 0.105859 0.0976562 0.876953
1 0.811719 0.496875 0.107813 0.0953125 0.879395
1 0.812695 0.499219 0.108984 0.096875 0.850586
1 0.811719 0.498437 0.110937 0.0984375 0.739258
0 0.811719 0.498438 0.109375 0.0992188 0.592773
1 0.810938 0.498828 0.107813 0.1 0.520508
1 0.8125 0.498047 0.10625 0.100781 0.603027
1 0.811719 0.498047 0.104687 0.0976562 0.913574
1 0.811719 0.496875 0.10625 0.0984375 0.89502
1 0.80957 0.497266 0.108984 0.0960938 0.881836
1 0.810156 0.496875 0.109375 0.1 0.88916
1 0.810938 0.496875 0.110937 0.096875 0.894531
1 0.810156 0.498438 0.110938 0.0976563 0.861816
1 0.811719 0.498437 0.1125 0.0984375 0.900391
1 0.810742 0.498438 0.109766 0.0953125 0.904297
0 0.812305 0.498047 0.109766 0.0976562 0.713867
0 0.811133 0.497656 0.108984 0.0984375 0.820312
1 0.812695 0.498437 0.112109 0.0984375 0.825195
1 0.810742 0.497656 0.109766 0.0953125 0.896484
1 0.810938 0.498437 0.107813 0.0945312 0.903809
1 0.811719 0.497656 0.107813 0.0945312 0.900391
1 0.811719 0.498438 0.10625 0.09375 0.888184
1 0.810938 0.499219 0.107813 0.096875 0.907227
1 0.812695 0.497656 0.112109 0.0976563 0.914062
1 0.811719 0.498438 0.110937 0.0953125 0.900391
1 0.811719 0.497656 0.1125 0.0953125 0.883301
1 0.812695 0.498828 0.112109 0.0960937 0.875977
1 0.8125 0.5 0.115625 0.096875 0.876465
1 0.813281 0.498828 0.115625 0.1 0.890137
1 0.811719 0.5 0.1125 0.0984375 0.727051
1 0.8125 0.499219 0.114062 0.0984375 0.85498
1 0.812305 0.499219 0.106641 0.096875 0.84375
0 0.811719 0.498438 0.107813 0.0960938 0.557129
1 0.811719 0.498438 0.10625 0.0953125 0.518555
1 0.811719 0.497656 0.109375 0.096875 0.848145
1 0.8125 0.497656 0.107813 0.096875 0.901855
1 0.811719 0.496875 0.110937 0.096875 0.916016
1 0.811133 0.497656 0.112109 0.096875 0.904785
1 0.811719 0.499219 0.107813 0.0976562 0.918945
1 0.811719 0.496875 0.107813 0.1 0.911133
1 0.810938 0.497656 0.109375 0.096875 0.898438
0 0.810938 0.497656 0.107813 0.0953125 0.712402
1 0.810938 0.498047 0.107813 0.0953125 0.614258
1 0.810938 0.5 0.107813 0.09375 0.675781
0 0.810742 0.499219 0.106641 0.09375 0.641602
1 0.810938 0.498438 0.107813 0.09375 0.895508
1 0.811719 0.497266 0.109375 0.0976562 0.868164
1 0.811719 0.497656 0.107813 0.0953125 0.852051
1 0.811133 0.496875 0.108984 0.0984375 0.825684
1 0.812305 0.498437 0.109766 0.0984375 0.901855
1 0.810938 0.498828 0.109375 0.0976562 0.892578
1 0.810938 0.498438 0.110937 0.0960938 0.888184
1 0.810742 0.498438 0.109766 0.096875 0.900391
1 0.811719 0.498438 0.110937 0.09375 0.915039
1 0.811719 0.497656 0.110937 0.09375 0.872559
1 0.8125 0.499219 0.110937 0.096875 0.85791
1 0.812695 0.497656 0.112109 0.0953125 0.879883
1 0.811719 0.498438 0.110937 0.096875 0.911133
1 0.812305 0.497656 0.109766 0.096875 0.916016
1 0.811719 0.497266 0.109375 0.0945313 0.851074
1 0.812305 0.498438 0.109766 0.0953125 0.699219
1 0.811719 0.497656 0.109375 0.0953125 0.85498
1 0.8125 0.497656 0.109375 0.09375 0.901367
1 0.813281 0.498438 0.109375 0.0929687 0.917969
1 0.8125 0.498828 0.109375 0.0945313 0.900391
1 0.811719 0.498438 0.107813 0.09375 0.82666
1 0.811719 0.499219 0.109375 0.0953125 0.877441
1 0.811719 0.498438 0.107813 0.0953125 0.889648
1 0.811133 0.497656 0.108984 0.09375 0.91748
1 0.811719 0.498437 0.109375 0.0945312 0.931641
1 0.811719 0.498438 0.109375 0.0953125 0.932617
1 0.811719 0.498828 0.107813 0.09375 0.931152
1 0.811719 0.499219 0.107813 0.0921875 0.870605
1 0.8125 0.499219 0.109375 0.09375 0.817383
1 0.812695 0.497656 0.108984 0.09375 0.859863
1 0.811719 0.497656 0.107813 0.09375 0.870605
1 0.811719 0.499219 0.109375 0.0953125 0.836426
1 0.810938 0.498828 0.109375 0.09375 0.861328
1 0.810938 0.497656 0.110937 0.0929688 0.877441
1 0.810938 0.498047 0.110937 0.0953125 0.865234
1 0.811719 0.498438 0.110937 0.0960938 0.900391
1 0.811719 0.498828 0.110937 0.0945313 0.909668
1 0.811719 0.499219 0.110937 0.0921875 0.911133
1 0.811719 0.499219 0.110937 0.0929687 0.91748
1 0.811719 0.498438 0.110937 0.0953125 0.912598
1 0.812305 0.498438 0.109766 0.0953125 0.908691
1 0.811719 0.498047 0.109375 0.0945313 0.911133
1 0.812305 0.498047 0.109766 0.0945313 0.909668
1 0.8125 0.498047 0.109375 0.0953125 0.917969
1 0.8125 0.498438 0.109375 0.0953125 0.920898
1 0.812695 0.498438 0.108984 0.0953125 0.92041
1 0.811719 0.498438 0.109375 0.0953125 0.916504
1 0.811719 0.498437 0.109375 0.0945312 0.916016
1 0.811719 0.498438 0.107813 0.09375 0.92041
1 0.811719 0.498438 0.109375 0.0953125 0.922852
1 0.812695 0.498047 0.108984 0.0953125 0.926758
1 0.811719 0.498047 0.109375 0.0953125 0.927734
1 0.811719 0.498047 0.109375 0.0953125 0.928223
1 0.812695 0.498047 0.108984 0.0953125 0.930664
1 0.810742 0.498438 0.109766 0.096875 0.900391
