0 0.466406 0.50625 0.129687 0.1625 0.628906
1 0.466406 0.50625 0.129687 0.1625 0.628906
0 0.471484 0.508594 0.14375 0.183594 0.629883
0 0.4625 0.504687 0.129687 0.179687 0.669922
1 0.4625 0.504687 0.129687 0.179687 0.604004
1 0.469922 0.506641 0.142969 0.175 0.581543
0 0.461719 0.509375 0.13125 0.176562 0.605957
1 0.461719 0.509375 0.13125 0.176562 0.512695
0 0.467188 0.50625 0.139063 0.176562 0.678223
0 0.465234 0.50625 0.130469 0.173438 0.569824
1 0.465234 0.50625 0.130469 0.173438 0.514648
1 0.471875 0.50625 0.14375 0.180469 0.666992
1 0.466797 0.504687 0.135156 0.184375 0.64502
1 0.469141 0.503125 0.138281 0.18125 0.57959
1 0.471875 0.510156 0.146875 0.179688 0.574707
1 0.467188 0.510156 0.132813 0.170313 0.596191
0 0.4625 0.511719 0.126563 0.16875 0.59375
1 0.469531 0.510938 0.135938 0.184375 0.572754
1 0.46875 0.513281 0.1375 0.179688 0.756348
1 0.468359 0.510156 0.134375 0.16875 0.790527
1 0.466016 0.510156 0.130469 0.175 0.834473
1 0.466406 0.509375 0.135938 0.171875 0.726562
1 0.466406 0.510938 0.135938 0.171875 0.76123
1 0.466016 0.510156 0.13125 0.18125 0.71875
1 0.466406 0.509375 0.135938 0.171875 0.59375
0 0.4625 0.507812 0.123437 0.170312 0.706543
1 0.46875 0.509375 0.132031 0.170312 0.73877
1 0.470313 0.510938 0.141406 0.171875 0.699219
0 0.469922 0.510547 0.136719 0.175 0.541992
1 0.470313 0.508984 0.139844 0.16875 0.566895
0 0.464063 0.508594 0.128125 0.170312 0.503906
1 0.466797 0.506641 0.135156 0.180469 0.72168
1 0.46875 0.508594 0.129688 0.173438 0.851562
1 0.467188 0.511719 0.13125 0.175 0.689941
1 0.463672 0.510156 0.127344 0.170313 0.844238
1 0.473437 0.510938 0.146875 0.170313 0.758301
1 0.46875 0.508203 0.132812 0.167969 0.725586
0 0.466016 0.509766 0.130469 0.176563 0.584961
1 0.48125 0.510156 0.166406 0.175 0.564941
1 0.473047 0.511719 0.142969 0.173437 0.744141
0 0.465625 0.509375 0.128125 0.16875 0.708008
1 0.471484 0.510938 0.139844 0.173438 0.571777
0 0.469531 0.509375 0.135938 0.16875 0.705078
1 0.467578 0.510156 0.133594 0.171875 0.795898
1 0.470313 0.507812 0.140625 0.173437 0.632324
1 0.471094 0.510938 0.140625 0.175 0.601074
1 0.468359 0.510938 0.135938 0.178125 0.808105
1 0.468359 0.507812 0.132813 0.171875 0.892578
1 0.470313 0.507812 0.130469 0.179688 0.795898
1 0.46875 0.505078 0.128125 0.171875 0.723145
1 0.467188 0.510156 0.130469 0.18125 0.830078
1 0.469922 0.507812 0.135937 0.182813 0.744141
1 0.467188 0.507031 0.135937 0.175 0.733887
1 0.497656 0.509375 0.1875 0.178906 0.618652
1 0.471875 0.503516 0.140625 0.176562 0.81543
0 0.467969 0.507812 0.124219 0.171875 0.901855
0 0.465625 0.510156 0.13125 0.171875 0.927246
1 0.470313 0.507031 0.132813 0.175 0.790527
1 0.470312 0.507422 0.135156 0.171875 0.78125
1 0.467188 0.510938 0.132813 0.160938 0.782227
1 0.471875 0.508984 0.139063 0.164844 0.84375
1 0.470703 0.507422 0.1375 0.171094 0.86377
1 0.471094 0.508203 0.140625 0.171094 0.830566
1 0.467969 0.510938 0.135937 0.173438 0.800293
0 0.466406 0.510156 0.125 0.173438 0.720215
1 0.485156 0.510938 0.167188 0.173438 0.815918
1 0.466406 0.508594 0.135938 0.173438 0.92627
1 0.46875 0.508203 0.1375 0.174219 0.902344
1 0.467969 0.510156 0.134375 0.16875 0.565918
0 0.464844 0.509375 0.128125 0.167188 0.557129
1 0.467969 0.508594 0.135937 0.176563 0.660156
0 0.464063 0.510938 0.125 0.167187 0.572754
0 0.464844 0.508594 0.13125 0.173438 0.708008
1 0.470312 0.510156 0.135156 0.176562 0.833984
0 0.465625 0.512891 0.13125 0.165625 0.775879
1 0.465234 0.5125 0.128906 0.16875 0.558105
0 0.471094 0.507812 0.134375 0.175 0.903809
1 0.471875 0.508203 0.132812 0.172656 0.779297
1 0.472656 0.506641 0.135938 0.176563 0.791992
0 0.465625 0.510156 0.123437 0.171094 0.744141
0 0.466406 0.508984 0.128125 0.177344 0.765625
1 0.469531 0.505859 0.132812 0.175781 0.807617
1 0.466406 0.509375 0.13125 0.178125 0.785156
0 0.463672 0.510547 0.127344 0.171094 0.700684
0 0.464063 0.512891 0.126563 0.167187 0.662109
1 0.466797 0.508594 0.132031 0.167188 0.536133
1 0.467187 0.506641 0.133594 0.169531 0.743164
1 0.466797 0.508594 0.13125 0.171875 0.819336
0 0.467187 0.508594 0.129687 0.171875 0.625977
1 0.467969 0.506641 0.1375 0.171875 0.909668
1 0.466797 0.508594 0.132812 0.170312 0.816895
1 0.465625 0.509375 0.128125 0.167188 0.871094
1 0.467188 0.507812 0.128125 0.171875 0.788574
0 0.465625 0.510547 0.13125 0.170312 0.548828
1 0.467969 0.509766 0.132812 0.167188 0.844238
1 0.466016 0.511719 0.13125 0.167188 0.740234
1 0.467969 0.5125 0.132812 0.165625 0.828613
1 0.466406 0.508594 0.129687 0.16875 0.585938
0 0.465625 0.510547 0.128125 0.167969 0.805176
0 0.463672 0.510547 0.125781 0.166406 0.845215
1 0.466406 0.510156 0.13125 0.164063 0.532227
1 0.466406 0.510156 0.129687 0.167187 0.595703
0 0.465625 0.510156 0.132812 0.170313 0.859375
1 0.469141 0.510938 0.1375 0.166406 0.818359
1 0.468359 0.511719 0.133594 0.167188 0.830566
0 0.465625 0.511719 0.128906 0.171875 0.79248
0 0.469922 0.507031 0.133594 0.178125 0.852539
0 0.467969 0.508594 0.128125 0.173438 0.825195
0 0.466406 0.509375 0.128125 0.170312 0.727051
0 0.466406 0.510938 0.128125 0.170313 0.808594
1 0.470313 0.510156 0.1375 0.16875 0.884277
1 0.471094 0.508594 0.1375 0.171875 0.902832
1 0.465625 0.511719 0.128125 0.169531 0.691895
0 0.464063 0.512891 0.125781 0.169531 0.511719
1 0.465625 0.511328 0.13125 0.16875 0.844727
1 0.469531 0.509375 0.135938 0.170312 0.803223
0 0.465625 0.510547 0.129688 0.171875 0.793945
0 0.464844 0.510938 0.13125 0.16875 0.806152
1 0.469922 0.507812 0.133594 0.175 0.876465
1 0.469922 0.509375 0.136719 0.178125 0.909668
0 0.466797 0.511328 0.135938 0.170312 0.696777
0 0.467969 0.510156 0.13125 0.171875 0.88623
0 0.467969 0.508594 0.132812 0.174219 0.890625
0 0.466406 0.510938 0.135938 0.16875 0.843262
0 0.469141 0.509375 0.1375 0.171875 0.810059
1 0.471875 0.508594 0.139063 0.170312 0.786133
1 0.46875 0.508594 0.1375 0.171094 0.872559
0 0.465625 0.507812 0.129688 0.173437 0.857422
0 0.465625 0.510156 0.129688 0.167969 0.905762
0 0.467969 0.509375 0.135937 0.173438 0.925293
0 0.469531 0.507422 0.134375 0.172656 0.871094
0 0.467969 0.507812 0.135937 0.173437 0.813965
0 0.467969 0.508594 0.135937 0.171875 0.803223
0 0.46875 0.509375 0.134375 0.173438 0.810547
0 0.467188 0.510547 0.136719 0.169531 0.754395
1 0.471875 0.508203 0.145313 0.172656 0.618652
0 0.465625 0.510938 0.132812 0.170313 0.917969
0 0.464844 0.511719 0.13125 0.171094 0.900879
0 0.464844 0.510938 0.132812 0.16875 0.72168
1 0.468359 0.509766 0.136719 0.171094 0.594727
1 0.467188 0.510938 0.134375 0.171875 0.769043
0 0.464844 0.5125 0.132812 0.16875 0.603027
0 0.465625 0.511328 0.13125 0.16875 0.812988
1 0.467188 0.510156 0.132813 0.171875 0.651367
0 0.465234 0.510938 0.128906 0.170313 0.868652
0 0.464453 0.512891 0.128906 0.169531 0.863281
0 0.464063 0.512109 0.128125 0.169531 0.809082
0 0.466016 0.509375 0.13125 0.171094 0.863281
0 0.467188 0.510156 0.134375 0.170313 0.891113
0 0.46875 0.509375 0.135156 0.173438 0.891113
0 0.46875 0.508594 0.134375 0.175 0.892578
0 0.471094 0.509375 0.139063 0.173438 0.868652
0 0.470703 0.510156 0.1375 0.172656 0.729492
1 0.469531 0.508594 0.136719 0.171094 0.771973
1 0.469531 0.510156 0.134375 0.171875 0.755859
0 0.466797 0.510938 0.132031 0.171875 0.808105
0 0.465625 0.510938 0.128125 0.170313 0.837402
0 0.464063 0.512109 0.128125 0.169531 0.878418
0 0.464844 0.513281 0.130469 0.170312 0.852051
1 0.466016 0.510156 0.13125 0.167969 0.739258
0 0.464453 0.5125 0.130469 0.16875 0.679199
1 0.466797 0.510156 0.130469 0.16875 0.730469
0 0.464844 0.511719 0.129688 0.169531 0.713867
0 0.467187 0.510156 0.129687 0.171875 0.880859
0 0.466406 0.509766 0.128125 0.171094 0.889648
0 0.465625 0.509375 0.129688 0.171875 0.881836
0 0.465625 0.510938 0.13125 0.171875 0.875
0 0.464844 0.511719 0.13125 0.173437 0.889648
0 0.464453 0.511328 0.130469 0.171094 0.888184
0 0.464063 0.510938 0.13125 0.16875 0.875
0 0.464844 0.511328 0.129688 0.169531 0.879883
0 0.465625 0.510938 0.129688 0.170313 0.868652
0 0.465234 0.511719 0.129687 0.170312 0.834473
0 0.465234 0.512109 0.130469 0.169531 0.756348
1 0.466406 0.510547 0.132031 0.171094 0.644043
1 0.466797 0.510156 0.132812 0.171875 0.688477
0 0.465625 0.511719 0.13125 0.170312 0.683594
1 0.467188 0.510156 0.132813 0.173438 0.70166
0 0.466797 0.510938 0.132812 0.171875 0.684082
0 0.466406 0.510938 0.132813 0.171875 0.763672
1 0.467188 0.510547 0.132813 0.172656 0.651367
0 0.465625 0.511719 0.132031 0.169531 0.82666
1 0.466406 0.510938 0.132813 0.170313 0.520508
0 0.465625 0.511719 0.132812 0.16875 0.842773
0 0.465625 0.511719 0.132812 0.167188 0.834473
0 0.466016 0.511719 0.132812 0.167188 0.810547
0 0.467188 0.511328 0.132813 0.16875 0.76416
1 0.467188 0.510156 0.132813 0.171875 0.547852
0 0.467188 0.510938 0.132813 0.16875 0.759766
1 0.467188 0.510156 0.132813 0.171875 0.569824
0 0.467188 0.510938 0.132813 0.16875 0.756348
1 0.467188 0.510156 0.132813 0.171875 0.594727
0 0.466797 0.510938 0.133594 0.16875 0.708984
1 0.467188 0.510156 0.132813 0.171875 0.663574
1 0.467188 0.510156 0.132813 0.171875 0.716309
0 0.466406 0.511328 0.132813 0.16875 0.675781
0 0.46875 0.509375 0.134375 0.173438 0.810547
