1 0.701563 0.545703 0.120313 0.108594 0.623535
0 0.701563 0.545703 0.120313 0.108594 0.569824
0 0.699219 0.552734 0.116406 0.119531 0.770996
1 0.699219 0.552734 0.116406 0.119531 0.612305
1 0.705469 0.551953 0.115625 0.113281 0.725098
0 0.705469 0.551953 0.115625 0.113281 0.714844
1 0.7 0.548437 0.128125 0.115625 0.651367
0 0.704687 0.547266 0.1125 0.114844 0.583984
1 0.704687 0.547266 0.1125 0.114844 0.540039
0 0.70625 0.544531 0.120312 0.114062 0.545898
0 0.705859 0.547656 0.120313 0.1125 0.583984
0 0.703125 0.555469 0.121875 0.125 0.520508
0 0.707812 0.544141 0.117188 0.100781 0.514648
0 0.703125 0.549219 0.120313 0.110938 0.57373
0 0.705469 0.551172 0.117188 0.109375 0.608398
1 0.706641 0.55 0.116406 0.10625 0.513672
0 0.70625 0.551172 0.115625 0.10625 0.610352
1 0.700781 0.561328 0.13125 0.13125 0.656738
1 0.701563 0.548828 0.125 0.116406 0.775391
1 0.700781 0.55 0.128125 0.1125 0.897461
1 0.700781 0.552344 0.128125 0.107812 0.832031
1 0.700781 0.554688 0.128125 0.115625 0.769531
1 0.697656 0.556641 0.132812 0.124219 0.652344
1 0.699609 0.551562 0.130469 0.114063 0.669922
1 0.701172 0.548828 0.128906 0.108594 0.634277
1 0.700391 0.550781 0.126562 0.10625 0.748535
1 0.702344 0.566406 0.128125 0.14375 0.773926
1 0.702344 0.564844 0.114063 0.139063 0.668945
0 0.704687 0.551563 0.122656 0.110938 0.529297
1 0.704687 0.550781 0.121875 0.108594 0.872559
1 0.7 0.552344 0.125 0.115625 0.780762
1 0.703125 0.553125 0.125 0.1125 0.795898
1 0.705469 0.548437 0.125 0.107812 0.692871
1 0.703906 0.546875 0.125 0.109375 0.775879
0 0.703906 0.546875 0.126563 0.109375 0.552734
1 0.701563 0.548437 0.136719 0.107812 0.644043
1 0.703125 0.550781 0.135938 0.110937 0.833008
1 0.700391 0.553906 0.136719 0.114063 0.831543
0 0.703125 0.549219 0.128125 0.107813 0.575684
0 0.701563 0.55 0.127344 0.110938 0.592773
0 0.703906 0.548828 0.123437 0.109375 0.658203
1 0.701563 0.553125 0.132812 0.114062 0.739258
1 0.705859 0.551563 0.129687 0.110938 0.689453
1 0.701172 0.553906 0.123438 0.120312 0.611328
1 0.702344 0.552734 0.11875 0.117188 0.759277
1 0.699219 0.549609 0.129687 0.113281 0.742188
1 0.701953 0.550391 0.124219 0.111719 0.863281
1 0.699219 0.550781 0.128125 0.115625 0.76709
1 0.700781 0.55 0.129687 0.1125 0.786133
1 0.703906 0.553125 0.126563 0.121875 0.827637
0 0.70625 0.564063 0.123438 0.142188 0.699219
1 0.704687 0.558203 0.129687 0.124219 0.75293
1 0.704687 0.555078 0.121875 0.121875 0.748535
1 0.703906 0.551562 0.13125 0.117187 0.754395
1 0.703906 0.546875 0.13125 0.117188 0.72168
1 0.700781 0.550781 0.123437 0.1125 0.680664
1 0.702734 0.549609 0.126563 0.114063 0.648926
1 0.702344 0.549219 0.128125 0.115625 0.790527
1 0.70625 0.550391 0.126562 0.117188 0.527344
1 0.685156 0.567969 0.1625 0.151563 0.653809
1 0.7 0.55625 0.1375 0.126563 0.562012
1 0.703516 0.552344 0.122656 0.11875 0.503906
1 0.701563 0.55 0.128125 0.110938 0.859375
1 0.7 0.549219 0.13125 0.110938 0.86377
1 0.698438 0.550391 0.135156 0.110156 0.825195
1 0.700781 0.55 0.129687 0.114063 0.87207
1 0.701563 0.550391 0.133594 0.110938 0.897461
1 0.702344 0.551562 0.133594 0.115625 0.816895
1 0.701563 0.551172 0.138281 0.114062 0.802734
0 0.701172 0.549609 0.127344 0.110938 0.751953
1 0.701563 0.551953 0.123438 0.1125 0.623535
1 0.703125 0.549219 0.128125 0.1125 0.789062
1 0.701563 0.549219 0.123438 0.104687 0.888184
1 0.701172 0.548437 0.121094 0.107812 0.59375
1 0.700781 0.548437 0.129687 0.104688 0.819336
1 0.696875 0.547266 0.142188 0.107031 0.782227
1 0.701172 0.546875 0.135156 0.110937 0.842285
1 0.702734 0.553906 0.125781 0.120312 0.729492
1 0.701172 0.551562 0.13125 0.119531 0.815918
1 0.697656 0.551172 0.132812 0.114062 0.840332
1 0.701563 0.55 0.126562 0.114063 0.869141
1 0.701953 0.559375 0.121094 0.128125 0.826172
1 0.703125 0.549219 0.123438 0.111719 0.835938
1 0.701563 0.550781 0.121875 0.1125 0.883789
1 0.702344 0.55 0.121875 0.115625 0.893066
1 0.704688 0.548437 0.125 0.108594 0.901367
1 0.702734 0.549219 0.121094 0.109375 0.861816
1 0.705859 0.553125 0.125 0.117188 0.868164
1 0.703125 0.552344 0.125 0.1125 0.903809
1 0.703516 0.549609 0.128906 0.111719 0.88623
1 0.702344 0.549219 0.121875 0.114062 0.828613
1 0.703906 0.549219 0.125 0.1125 0.834961
1 0.704297 0.551563 0.121094 0.1125 0.840332
1 0.704297 0.549219 0.124219 0.110938 0.628906
1 0.703906 0.551562 0.123437 0.111719 0.822754
1 0.703906 0.555469 0.123437 0.11875 0.859375
1 0.705469 0.551953 0.125 0.119531 0.865723
1 0.705078 0.553125 0.128125 0.115625 0.86084
1 0.703906 0.551563 0.129687 0.11875 0.760742
1 0.704687 0.550781 0.128125 0.117188 0.801758
1 0.705078 0.551563 0.132812 0.11875 0.817383
1 0.705469 0.551563 0.13125 0.122656 0.856934
1 0.702344 0.551563 0.124219 0.11875 0.869629
1 0.703125 0.552344 0.126562 0.11875 0.866211
1 0.701563 0.553906 0.126562 0.117188 0.85498
1 0.700781 0.551953 0.126563 0.116406 0.864258
1 0.700781 0.547266 0.13125 0.110938 0.855957
1 0.701563 0.548828 0.128125 0.110937 0.867188
1 0.701563 0.548437 0.129687 0.114062 0.875
1 0.701953 0.546094 0.130469 0.110938 0.865234
1 0.703125 0.547266 0.128125 0.110938 0.803223
1 0.701172 0.544531 0.125 0.117188 0.633301
1 0.700391 0.549609 0.128125 0.107812 0.84082
1 0.701563 0.546484 0.124219 0.107031 0.836426
1 0.700781 0.548438 0.123437 0.105469 0.819824
1 0.696875 0.550781 0.133594 0.109375 0.822266
1 0.700391 0.550781 0.127344 0.121094 0.855957
1 0.701563 0.553906 0.125 0.121875 0.852051
1 0.702344 0.552344 0.128906 0.121875 0.852051
1 0.703516 0.550781 0.128125 0.115625 0.835449
1 0.702734 0.550391 0.125781 0.1125 0.861328
1 0.702344 0.551563 0.128125 0.1125 0.889648
1 0.701953 0.553125 0.127344 0.117188 0.920898
1 0.7 0.553516 0.134375 0.117969 0.908203
1 0.701172 0.551953 0.124219 0.117188 0.91748
1 0.701563 0.553125 0.123438 0.117969 0.896973
1 0.700781 0.551172 0.125 0.116406 0.904785
1 0.701563 0.551563 0.125 0.116406 0.925781
1 0.701563 0.549219 0.126562 0.115625 0.9375
1 0.697656 0.547656 0.132812 0.114063 0.917969
1 0.698828 0.550391 0.130469 0.114844 0.901367
1 0.702344 0.550781 0.125 0.115625 0.879883
1 0.704687 0.549219 0.124219 0.115625 0.895508
1 0.705469 0.55 0.126562 0.114063 0.891113
1 0.703516 0.551563 0.129687 0.114844 0.873047
1 0.702344 0.55 0.128906 0.1125 0.841797
1 0.702734 0.551562 0.128906 0.114063 0.837402
1 0.702344 0.551562 0.125781 0.115625 0.862305
1 0.701563 0.551562 0.128125 0.117187 0.895508
1 0.700781 0.553516 0.128125 0.119531 0.911621
1 0.700781 0.552734 0.128125 0.120313 0.916016
1 0.701953 0.551563 0.125781 0.11875 0.921875
1 0.702344 0.549219 0.126562 0.117188 0.915039
1 0.703125 0.549219 0.129687 0.117188 0.904785
1 0.701563 0.548437 0.13125 0.114062 0.901367
1 0.7 0.548437 0.129687 0.114062 0.90918
1 0.7 0.55 0.128125 0.11875 0.909668
1 0.698828 0.550781 0.129687 0.116406 0.908203
1 0.698438 0.548828 0.13125 0.113281 0.911621
1 0.7 0.549219 0.128125 0.115625 0.911133
1 0.701563 0.55 0.126562 0.119531 0.915527
1 0.701563 0.550391 0.126562 0.119531 0.915527
1 0.701172 0.550391 0.128906 0.117969 0.915039
1 0.700781 0.55 0.129687 0.115625 0.921875
1 0.700781 0.549219 0.129687 0.114062 0.925781
1 0.7 0.549219 0.13125 0.113281 0.922363
1 0.7 0.549609 0.129687 0.1125 0.918457
1 0.700781 0.549219 0.130469 0.117188 0.915039
1 0.702344 0.548828 0.128125 0.117969 0.926758
1 0.702734 0.549219 0.125781 0.11875 0.925293
1 0.702344 0.549219 0.127344 0.11875 0.916016
1 0.701563 0.549219 0.129687 0.11875 0.908203
1 0.701172 0.550391 0.129687 0.117969 0.905762
1 0.700781 0.55 0.129687 0.117188 0.909668
1 0.700391 0.55 0.129688 0.117188 0.913086
1 0.700781 0.549219 0.129687 0.115625 0.916016
1 0.700781 0.549219 0.129687 0.115625 0.915039
1 0.700781 0.549219 0.129687 0.115625 0.913574
1 0.700781 0.549219 0.129687 0.115625 0.915039
1 0.701953 0.553125 0.127344 0.117188 0.920898
