0 0.901563 0.307227 0.04375 0.0480469 0.64502
0 0.902344 0.306641 0.0453125 0.0484375 0.591797
0 0.901563 0.309375 0.046875 0.04375 0.73584
0 0.901563 0.309375 0.04375 0.04375 0.725098
0 0.901563 0.308203 0.04375 0.0460938 0.740234
0 0.900781 0.309375 0.0421875 0.0441406 0.689453
0 0.900781 0.308203 0.0421875 0.046875 0.803223
0 0.901563 0.307031 0.04375 0.0492187 0.835449
0 0.9 0.304688 0.04375 0.053125 0.733887
0 0.901563 0.305469 0.046875 0.0523438 0.675781
0 0.901563 0.308789 0.04375 0.0453125 0.638672
0 0.901563 0.308984 0.046875 0.0445313 0.625977
0 0.901563 0.307617 0.04375 0.0476562 0.529297
1 0.9 0.307031 0.04375 0.0476563 0.583008
0 0.901563 0.306641 0.04375 0.0492187 0.511719
0 0.901563 0.308594 0.04375 0.0445313 0.552734
0 0.900781 0.308984 0.0421875 0.04375 0.697754
0 0.901563 0.308984 0.04375 0.04375 0.767578
0 0.901563 0.308984 0.04375 0.0445313 0.743164
0 0.901563 0.309375 0.04375 0.04375 0.517578
1 0.900781 0.308008 0.04375 0.0453125 0.569824
1 0.900781 0.307813 0.0421875 0.0460938 0.567871
1 0.9 0.307813 0.040625 0.0453125 0.57959
1 0.9 0.307813 0.04375 0.0460938 0.501953
0 0.9 0.307422 0.04375 0.0480469 0.509766
0 0.900781 0.306836 0.0453125 0.05 0.515625
0 0.900781 0.307422 0.0453125 0.0476563 0.550781
1 0.900781 0.307813 0.0453125 0.046875 0.507812
1 0.900781 0.307227 0.0453125 0.046875 0.513672
0 0.901563 0.308398 0.04375 0.0460937 0.539062
0 0.901563 0.308594 0.04375 0.0453125 0.529297
