0 0.552344 0.388672 0.154687 0.0914063 0.835938
1 0.552344 0.388672 0.154687 0.0914063 0.834961
0 0.553516 0.390625 0.157813 0.0984375 0.800293
1 0.553516 0.390625 0.157813 0.0984375 0.589844
0 0.550391 0.386328 0.160937 0.0929688 0.689453
1 0.550391 0.386328 0.160937 0.0929688 0.594727
0 0.552734 0.392188 0.155469 0.0914062 0.805176
1 0.552734 0.392188 0.155469 0.0914062 0.773926
1 0.553125 0.38916 0.160156 0.0951172 0.646973
0 0.551563 0.389062 0.159375 0.09375 0.541016
0 0.550391 0.3875 0.146094 0.0976562 0.605957
1 0.550391 0.3875 0.146094 0.0976562 0.583008
0 0.553906 0.3875 0.153125 0.0960937 0.695312
1 0.553906 0.3875 0.153125 0.0960937 0.611328
1 0.55 0.389453 0.160156 0.103906 0.580566
0 0.55 0.389453 0.160156 0.103906 0.571777
0 0.553125 0.388672 0.157813 0.0921875 0.507812
0 0.553125 0.389453 0.1625 0.09375 0.566895
0 0.549219 0.3875 0.159375 0.0921875 0.82959
0 0.546875 0.3875 0.163281 0.0953125 0.852051
0 0.551563 0.388281 0.157813 0.0976562 0.71875
1 0.551563 0.388281 0.157813 0.0976562 0.640625
0 0.55 0.391309 0.1625 0.0970703 0.723145
1 0.55 0.391309 0.1625 0.0970703 0.52832
1 0.551562 0.388184 0.160938 0.0923828 0.64502
0 0.552344 0.391016 0.157813 0.0945313 0.542969
0 0.553516 0.389453 0.151563 0.0976562 0.660156
1 0.553125 0.386621 0.154688 0.0970703 0.65918
0 0.553125 0.390625 0.15625 0.0992188 0.748535
0 0.554688 0.389453 0.159375 0.0992188 0.648926
1 0.552344 0.388965 0.159375 0.101758 0.624512
0 0.552734 0.390234 0.154687 0.0984375 0.650391
0 0.553516 0.389062 0.155469 0.0976562 0.791016
1 0.552344 0.386816 0.153125 0.0935547 0.628906
0 0.552344 0.388672 0.153125 0.0960937 0.586914
0 0.551562 0.390723 0.153125 0.0966797 0.705566
1 0.550781 0.389063 0.153125 0.0945313 0.566895
0 0.553906 0.389453 0.159375 0.0945313 0.810059
0 0.553906 0.388965 0.160938 0.0939453 0.879395
0 0.552344 0.388281 0.159375 0.0984375 0.935547
0 0.550781 0.389453 0.153906 0.0984375 0.833496
1 0.550781 0.38584 0.159375 0.0939453 0.711426
0 0.552344 0.386328 0.15625 0.0914062 0.550781
0 0.553906 0.387109 0.160938 0.096875 0.703125
1 0.553125 0.385156 0.159375 0.0992188 0.535156
0 0.552734 0.389063 0.160938 0.0984375 0.771973
0 0.554688 0.391504 0.157812 0.0951172 0.841797
0 0.553125 0.389844 0.15625 0.0960937 0.837402
1 0.553125 0.389746 0.15625 0.0955078 0.601074
0 0.551563 0.391309 0.157813 0.0970703 0.921875
0 0.553516 0.389844 0.153906 0.096875 0.94873
0 0.553906 0.389844 0.153125 0.0929688 0.845215
0 0.553516 0.389844 0.161719 0.0914063 0.779785
1 0.551563 0.390234 0.165625 0.0875 0.714844
0 0.553125 0.390234 0.154688 0.0929688 0.868164
1 0.551562 0.388281 0.158594 0.090625 0.555664
0 0.553516 0.389844 0.160156 0.0953125 0.936523
0 0.551562 0.390234 0.158594 0.0929688 0.922363
0 0.55 0.389453 0.159375 0.0992188 0.893066
1 0.551563 0.388379 0.157813 0.0904297 0.841309
1 0.55 0.389453 0.15625 0.0914063 0.720215
1 0.550781 0.388184 0.157812 0.0970703 0.595703
0 0.55 0.387598 0.157813 0.0935547 0.551758
1 0.55 0.388965 0.160938 0.0923828 0.674805
1 0.551562 0.387891 0.164062 0.0921875 0.872559
0 0.552344 0.388965 0.160156 0.0923828 0.653809
1 0.551563 0.389746 0.159375 0.0923828 0.881836
1 0.551562 0.389746 0.164062 0.0923828 0.831543
0 0.553125 0.389941 0.160937 0.0951172 0.687012
0 0.551563 0.390625 0.157813 0.0960937 0.98291
0 0.551953 0.390527 0.153906 0.0939453 0.959961
0 0.551172 0.388281 0.154688 0.09375 0.868164
0 0.551562 0.38584 0.154687 0.0892578 0.90918
0 0.55 0.388672 0.157813 0.0953125 0.551758
1 0.55 0.388184 0.157813 0.0970703 0.524414
0 0.551172 0.387891 0.158594 0.096875 0.792969
0 0.552344 0.388672 0.157813 0.0976562 0.852051
0 0.553125 0.388184 0.157813 0.0923828 0.816406
0 0.551953 0.388965 0.157813 0.0970703 0.763672
0 0.548828 0.388281 0.160156 0.096875 0.825684
0 0.551953 0.388672 0.15625 0.0953125 0.547852
0 0.553516 0.389063 0.155469 0.0984375 0.635254
0 0.551563 0.3875 0.159375 0.09375 0.688477
1 0.551562 0.389062 0.158594 0.09375 0.622559
1 0.549609 0.388672 0.15625 0.0976562 0.731934
1 0.55 0.389844 0.154688 0.0960937 0.663574
0 0.551562 0.390234 0.15625 0.0953125 0.753418
0 0.551562 0.389063 0.15625 0.0960937 0.88916
0 0.550781 0.389063 0.157812 0.0953125 0.879395
0 0.550781 0.389844 0.15625 0.0953125 0.825195
0 0.550781 0.38916 0.157812 0.0951172 0.779297
1 0.551563 0.389941 0.159375 0.0966797 0.693359
0 0.550391 0.388672 0.1625 0.0953125 0.506836
0 0.552734 0.388672 0.159375 0.0945312 0.724121
1 0.55 0.389453 0.160938 0.0945313 0.643555
0 0.550781 0.389062 0.160938 0.09375 0.637207
0 0.550781 0.388965 0.158594 0.0923828 0.911621
0 0.55 0.388379 0.15625 0.0966797 0.783203
0 0.553125 0.390234 0.154688 0.096875 0.951172
1 0.552344 0.390234 0.159375 0.09375 0.778809
1 0.553125 0.389453 0.15625 0.0960937 0.67041
0 0.553906 0.390234 0.153125 0.0898438 0.902832
0 0.553125 0.38916 0.151562 0.0935547 0.869141
0 0.553125 0.390625 0.154688 0.0914063 0.901367
0 0.551562 0.389453 0.15625 0.0929687 0.762207
0 0.551562 0.386621 0.154687 0.0939453 0.717773
1 0.551172 0.388281 0.157031 0.0960938 0.517578
0 0.552344 0.387891 0.154687 0.0898438 0.944824
0 0.551172 0.389844 0.158594 0.0945312 0.92334
1 0.553125 0.391504 0.154688 0.0966797 0.587891
0 0.551562 0.391406 0.157031 0.0953125 0.541016
0 0.550781 0.390234 0.15625 0.0976562 0.793945
0 0.551562 0.391504 0.15625 0.0935547 0.831543
0 0.550781 0.389063 0.157812 0.0945313 0.782715
1 0.551172 0.388281 0.157813 0.090625 0.706543
0 0.551563 0.389453 0.159375 0.0953125 0.80127
1 0.553516 0.388379 0.158594 0.0935547 0.588867
0 0.553125 0.387891 0.158594 0.0914063 0.514648
1 0.553125 0.38916 0.15625 0.0935547 0.67041
1 0.552344 0.388965 0.157813 0.0939453 0.779785
1 0.552344 0.391406 0.159375 0.0953125 0.820312
0 0.551562 0.390625 0.154687 0.0945312 0.72168
1 0.549219 0.391797 0.15625 0.096875 0.620605
0 0.549219 0.392285 0.15625 0.0951172 0.547852
0 0.550781 0.390234 0.157812 0.0953125 0.830566
1 0.550781 0.390625 0.15625 0.0945312 0.833984
1 0.552734 0.390234 0.155469 0.0953125 0.890137
1 0.553125 0.389844 0.157813 0.0929688 0.890625
1 0.551172 0.390234 0.157031 0.0945312 0.728027
1 0.553125 0.389844 0.157813 0.0945312 0.898926
0 0.551953 0.389453 0.155469 0.0921875 0.666992
1 0.551562 0.389063 0.157031 0.0929687 0.500977
0 0.551563 0.389063 0.157813 0.0929687 0.895996
0 0.551172 0.389062 0.15625 0.09375 0.92041
0 0.551953 0.389063 0.155469 0.0960937 0.87793
0 0.551562 0.389063 0.153125 0.0945313 0.879395
0 0.550391 0.389062 0.155469 0.09375 0.910645
0 0.551563 0.388672 0.159375 0.0945312 0.907715
0 0.552344 0.389746 0.15625 0.0923828 0.927246
0 0.55 0.390723 0.159375 0.0919922 0.692871
1 0.552344 0.390625 0.157813 0.0945312 0.551758
0 0.552344 0.389062 0.157813 0.09375 0.754883
1 0.553125 0.389453 0.158594 0.0953125 0.513672
1 0.552344 0.390234 0.157031 0.0945312 0.805176
1 0.553125 0.389746 0.15625 0.0923828 0.896484
1 0.553906 0.389844 0.154688 0.09375 0.878906
1 0.552344 0.389844 0.159375 0.096875 0.922363
1 0.552734 0.389844 0.157031 0.0953125 0.931152
1 0.550781 0.392188 0.15625 0.090625 0.905762
1 0.550781 0.392188 0.157812 0.0898438 0.911621
1 0.551953 0.390723 0.155469 0.0935547 0.91748
1 0.552344 0.389453 0.15625 0.0945313 0.842773
0 0.552344 0.389844 0.157813 0.0953125 0.527344
1 0.552734 0.390234 0.157812 0.0960938 0.868652
1 0.552344 0.389746 0.159375 0.0970703 0.836426
0 0.552344 0.390625 0.157813 0.0953125 0.543945
1 0.552344 0.390625 0.15625 0.0953125 0.901367
1 0.552344 0.390234 0.15625 0.0960938 0.911133
1 0.551563 0.390625 0.159375 0.0929688 0.925293
1 0.552344 0.388672 0.157813 0.0953125 0.657715
1 0.551953 0.389844 0.154688 0.09375 0.760742
1 0.551562 0.389844 0.15625 0.0929688 0.866211
0 0.552344 0.389844 0.15625 0.0921875 0.82959
0 0.552344 0.390625 0.15625 0.0921875 0.84668
0 0.552344 0.390625 0.15625 0.09375 0.910645
1 0.552344 0.390527 0.15625 0.0923828 0.679199
0 0.552734 0.390625 0.157031 0.0929688 0.507812
1 0.551563 0.391016 0.159375 0.0929687 0.65918
1 0.552344 0.391016 0.159375 0.0929687 0.865234
1 0.552344 0.391016 0.15625 0.0945313 0.920898
1 0.552344 0.390625 0.157813 0.0953125 0.941895
1 0.551563 0.389746 0.157813 0.0939453 0.727051
0 0.552344 0.389063 0.15625 0.096875 0.661133
1 0.551953 0.390625 0.157031 0.0945312 0.679199
0 0.553125 0.391016 0.15625 0.0945313 0.638672
1 0.553125 0.389844 0.157813 0.0945312 0.866211
1 0.552734 0.390234 0.157031 0.09375 0.897461
1 0.553516 0.389453 0.15625 0.0929687 0.897461
1 0.553125 0.389453 0.15625 0.090625 0.820801
1 0.552344 0.390625 0.157813 0.0921875 0.696777
0 0.551953 0.390625 0.155469 0.09375 0.505859
1 0.552344 0.389844 0.15625 0.0929688 0.76416
0 0.552344 0.389453 0.157031 0.0929687 0.75293
1 0.552344 0.388965 0.15625 0.0923828 0.575684
1 0.553125 0.389453 0.154688 0.0929687 0.804199
0 0.551953 0.390234 0.15625 0.09375 0.616699
1 0.553125 0.389941 0.15625 0.0951172 0.839844
0 0.553125 0.389941 0.15625 0.0935547 0.745605
0 0.551562 0.390527 0.157031 0.0939453 0.65332
1 0.552344 0.390234 0.15625 0.0945312 0.76416
1 0.551562 0.390234 0.15625 0.09375 0.913086
1 0.552344 0.390723 0.15625 0.0935547 0.922363
1 0.552734 0.390234 0.15625 0.09375 0.842773
1 0.550781 0.389453 0.154687 0.09375 0.896973
1 0.550391 0.38916 0.154687 0.0935547 0.869629
1 0.551562 0.389844 0.15625 0.09375 0.830078
1 0.551953 0.389063 0.155469 0.0921875 0.898438
1 0.552344 0.389063 0.154687 0.0921875 0.913574
1 0.552344 0.389844 0.15625 0.09375 0.873047
1 0.552344 0.389844 0.15625 0.0929688 0.875977
1 0.551953 0.389844 0.15625 0.0914063 0.854004
1 0.552344 0.390234 0.15625 0.0929688 0.716309
1 0.552344 0.390234 0.15625 0.0945312 0.903809
1 0.552344 0.390625 0.15625 0.09375 0.929199
1 0.551562 0.390234 0.15625 0.0929688 0.932617
1 0.551172 0.389844 0.157031 0.0929688 0.928223
1 0.551562 0.389941 0.15625 0.0935547 0.902832
1 0.551562 0.390234 0.15625 0.09375 0.88623
1 0.551562 0.390234 0.15625 0.0929688 0.912598
1 0.551562 0.390234 0.15625 0.0929688 0.918945
1 0.552344 0.390234 0.157813 0.0929688 0.93457
1 0.552344 0.390234 0.157031 0.0929688 0.942383
1 0.552344 0.390723 0.157813 0.0935547 0.946289
1 0.551953 0.390527 0.157813 0.0939453 0.944824
1 0.551953 0.390234 0.157031 0.09375 0.943359
1 0.552344 0.390234 0.15625 0.09375 0.946777
1 0.552344 0.390234 0.15625 0.09375 0.94873
1 0.552344 0.390234 0.15625 0.09375 0.95166
1 0.552344 0.390234 0.15625 0.09375 0.951172
1 0.552344 0.390234 0.157031 0.09375 0.953613
1 0.552344 0.390234 0.157031 0.09375 0.956543
1 0.552344 0.391016 0.15625 0.0945313 0.921387
