1 0.481934 0.44375 0.28457 0.3125 0.536133
0 0.439844 0.370898 0.101562 0.0917969 0.52832
1 0.439844 0.370898 0.101562 0.0917969 0.517578
0 0.490625 0.405859 0.194531 0.147656 0.630859
0 0.490625 0.397754 0.19375 0.14668 0.568848
0 0.451563 0.369922 0.11875 0.0929687 0.526367
1 0.451563 0.369922 0.11875 0.0929687 0.509766
1 0.442187 0.371094 0.104687 0.0953125 0.513672
0 0.484375 0.37207 0.190625 0.0933594 0.57666
0 0.489844 0.401172 0.192187 0.154687 0.512695
0 0.432031 0.371484 0.0820312 0.0835938 0.550781
1 0.488281 0.404297 0.19375 0.158594 0.647949
1 0.459766 0.402441 0.1375 0.15293 0.547852
1 0.459375 0.372852 0.134375 0.0933594 0.514648
1 0.489844 0.398438 0.192969 0.147656 0.732422
1 0.489063 0.399121 0.196875 0.14707 0.536133
0 0.45625 0.374609 0.123438 0.09375 0.675781
0 0.436719 0.374609 0.0890625 0.0921875 0.594727
0 0.447656 0.372852 0.10625 0.0871094 0.561035
0 0.48125 0.373047 0.172656 0.0890625 0.557129
0 0.488672 0.397754 0.185156 0.14668 0.514648
0 0.491016 0.400391 0.190625 0.154687 0.770996
0 0.491406 0.397754 0.1875 0.145117 0.567871
1 0.490625 0.378027 0.192187 0.10332 0.656738
0 0.550781 0.3875 0.071875 0.0796875 0.615234
0 0.489844 0.380078 0.192187 0.1 0.538086
0 0.488672 0.422754 0.1875 0.187305 0.536133
0 0.489453 0.375391 0.189844 0.0960937 0.515625
1 0.43125 0.369531 0.0796875 0.0867188 0.539062
1 0.433594 0.371484 0.0796875 0.084375 0.643555
1 0.490234 0.397266 0.191406 0.136719 0.645996
0 0.434766 0.37168 0.0828125 0.0855469 0.634277
0 0.436719 0.373047 0.084375 0.084375 0.615234
0 0.489844 0.401172 0.194531 0.142969 0.529297
0 0.453516 0.373047 0.124219 0.0851563 0.67041
0 0.484375 0.375781 0.182813 0.09375 0.615234
0 0.489453 0.395215 0.2 0.133008 0.555664
0 0.488281 0.396094 0.19375 0.142187 0.536133
1 0.489844 0.379297 0.192969 0.108594 0.532227
0 0.491406 0.377734 0.196875 0.102344 0.59082
1 0.489844 0.394141 0.19375 0.135938 0.501953
0 0.491797 0.385156 0.190625 0.115625 0.757812
0 0.491016 0.389844 0.192969 0.125781 0.558105
0 0.489844 0.376465 0.19375 0.10332 0.611328
0 0.492188 0.381348 0.19375 0.106055 0.762695
0 0.49375 0.395215 0.195313 0.137695 0.796875
0 0.465234 0.386621 0.138281 0.117383 0.639648
0 0.491016 0.383203 0.189844 0.109375 0.741699
0 0.490625 0.39834 0.190625 0.139258 0.762695
0 0.492188 0.399609 0.185937 0.144531 0.838379
0 0.492188 0.380859 0.189062 0.101562 0.819336
0 0.490234 0.377344 0.191406 0.0984375 0.685059
0 0.490625 0.400098 0.190625 0.143555 0.714844
0 0.490234 0.378125 0.194531 0.100781 0.859375
0 0.491406 0.374219 0.191406 0.0914063 0.883789
0 0.458203 0.371094 0.127344 0.08125 0.759277
0 0.489844 0.375098 0.192187 0.0982422 0.813477
0 0.460938 0.370313 0.132812 0.0859375 0.544922
0 0.490625 0.396094 0.190625 0.140625 0.745605
0 0.489844 0.383984 0.19375 0.117188 0.625977
0 0.491406 0.381348 0.190625 0.110742 0.745605
0 0.490625 0.394434 0.1875 0.13457 0.76709
0 0.489844 0.393652 0.190625 0.137695 0.855469
0 0.488281 0.393066 0.190625 0.135742 0.722656
0 0.491406 0.376563 0.189063 0.1 0.881348
0 0.489844 0.394629 0.192969 0.132617 0.776855
0 0.490625 0.375879 0.190625 0.0982422 0.791992
0 0.489844 0.375 0.189063 0.09375 0.794434
0 0.491406 0.374609 0.188281 0.0953125 0.642578
0 0.434375 0.372461 0.0828125 0.0855469 0.52832
0 0.491016 0.375879 0.188281 0.0935547 0.612305
0 0.471094 0.375781 0.150781 0.0914063 0.616211
0 0.491406 0.376953 0.189063 0.0921875 0.662598
0 0.489453 0.380469 0.189844 0.0992187 0.778809
0 0.490625 0.375781 0.192187 0.0976562 0.843262
0 0.482813 0.373047 0.178125 0.0945312 0.737305
0 0.458984 0.372656 0.130469 0.0890625 0.611328
0 0.457031 0.371875 0.125 0.0882812 0.72168
0 0.446094 0.371875 0.10625 0.0859375 0.722656
0 0.464844 0.372266 0.146875 0.0890625 0.667969
0 0.457031 0.372266 0.13125 0.0898438 0.676758
0 0.483594 0.374805 0.178125 0.0941406 0.76416
0 0.458594 0.374023 0.128125 0.0902344 0.612305
0 0.488281 0.384766 0.192188 0.113281 0.767578
0 0.459766 0.373828 0.132031 0.0890625 0.674805
0 0.439844 0.372656 0.09375 0.0875 0.516602
0 0.453906 0.371484 0.117187 0.0882812 0.774414
0 0.470703 0.375879 0.152344 0.0951172 0.700195
0 0.450391 0.373242 0.110938 0.0871094 0.691895
0 0.44375 0.372266 0.0992188 0.0867187 0.57373
0 0.489063 0.373438 0.189063 0.0921875 0.563965
0 0.444531 0.371875 0.0992188 0.0875 0.555664
0 0.445312 0.371484 0.103125 0.0859375 0.754395
0 0.469141 0.373047 0.149219 0.0898438 0.621582
0 0.445312 0.372656 0.103125 0.0867187 0.617676
0 0.479688 0.373242 0.170313 0.0925781 0.562012
0 0.490625 0.395996 0.192187 0.139258 0.783203
0 0.490625 0.375 0.190625 0.0953125 0.521484
0 0.490625 0.3875 0.190625 0.119531 0.743164
0 0.492969 0.375 0.192188 0.0921875 0.723145
0 0.448438 0.370703 0.107813 0.0828125 0.557129
0 0.441406 0.37207 0.0914063 0.0847656 0.570801
0 0.492969 0.375879 0.192188 0.0935547 0.520508
0 0.491797 0.377734 0.192969 0.0992188 0.662109
0 0.436719 0.371484 0.084375 0.0875 0.541016
0 0.492188 0.379688 0.191406 0.0976562 0.742188
0 0.491016 0.378223 0.192188 0.0982422 0.759766
0 0.489063 0.378027 0.190625 0.106445 0.79834
0 0.489062 0.373047 0.19375 0.0890625 0.748535
0 0.490234 0.374219 0.189844 0.0890625 0.702637
0 0.489063 0.375781 0.185156 0.0867188 0.597168
0 0.489453 0.375391 0.189844 0.0890625 0.6875
0 0.444922 0.371875 0.100781 0.0828125 0.519531
0 0.487891 0.376172 0.191406 0.0953125 0.760742
0 0.445703 0.371289 0.103125 0.0847656 0.754395
0 0.488672 0.380859 0.191406 0.102344 0.723145
0 0.446875 0.371875 0.104688 0.0835938 0.71875
0 0.467969 0.373047 0.145313 0.084375 0.608398
0 0.489062 0.378223 0.192188 0.101367 0.779297
0 0.448438 0.371094 0.109375 0.0859375 0.750488
0 0.490625 0.373242 0.192187 0.0894531 0.766113
0 0.448438 0.370703 0.107813 0.084375 0.759766
0 0.447656 0.371094 0.107813 0.0859375 0.728027
0 0.476172 0.373047 0.164844 0.0882812 0.712402
0 0.442578 0.371484 0.0976562 0.0851562 0.676758
0 0.448438 0.37207 0.108594 0.0863281 0.639648
0 0.480469 0.373633 0.170312 0.0910156 0.629883
0 0.492188 0.374023 0.195312 0.0894531 0.512695
0 0.451563 0.37207 0.115625 0.0839844 0.776855
0 0.489844 0.375391 0.192969 0.09375 0.523438
0 0.474219 0.374609 0.157813 0.0882813 0.693359
0 0.451563 0.373438 0.115625 0.0851562 0.682617
0 0.446484 0.371875 0.107031 0.0835938 0.677246
0 0.471094 0.373242 0.153906 0.0863281 0.594727
0 0.446094 0.372852 0.104687 0.0847656 0.616211
0 0.474219 0.374023 0.159375 0.0878906 0.584961
0 0.478516 0.372656 0.167188 0.090625 0.773926
0 0.451562 0.371484 0.114062 0.0851562 0.681641
0 0.472656 0.372656 0.15625 0.0898438 0.827637
0 0.452734 0.370313 0.117188 0.0835938 0.510742
0 0.45625 0.373828 0.125 0.0890625 0.822266
0 0.489844 0.375781 0.19375 0.09375 0.526367
0 0.453906 0.373047 0.120313 0.0867187 0.809082
0 0.45 0.371094 0.114063 0.0851563 0.835449
0 0.447266 0.37207 0.108594 0.0847656 0.801758
0 0.475391 0.374609 0.164062 0.0898438 0.790527
0 0.447656 0.373047 0.109375 0.0875 0.595703
0 0.468359 0.373828 0.149219 0.0914063 0.822266
0 0.491406 0.378223 0.19375 0.0998047 0.62793
0 0.458594 0.374414 0.129687 0.0902344 0.79834
0 0.453125 0.373828 0.11875 0.0898438 0.786621
0 0.446094 0.372852 0.103125 0.0878906 0.72168
0 0.489844 0.374414 0.1875 0.0917969 0.703125
0 0.448438 0.374023 0.104687 0.0886719 0.565918
0 0.489844 0.378906 0.192187 0.101562 0.751953
0 0.459766 0.373633 0.128906 0.0894531 0.677246
0 0.489844 0.378223 0.192187 0.0982422 0.694336
0 0.448438 0.373828 0.107813 0.0875 0.692871
0 0.449219 0.373438 0.110937 0.0882812 0.737305
0 0.489844 0.375391 0.192187 0.0914063 0.733398
0 0.490625 0.376172 0.19375 0.0929688 0.720215
0 0.452344 0.374219 0.115625 0.0882812 0.635254
0 0.490234 0.375098 0.192188 0.0919922 0.677246
0 0.453125 0.373242 0.115625 0.0871094 0.568848
0 0.489844 0.374609 0.189844 0.0921875 0.710449
0 0.454688 0.373047 0.117188 0.0867187 0.557129
0 0.489844 0.376172 0.190625 0.0953125 0.765625
0 0.489844 0.376953 0.192187 0.0960937 0.791992
0 0.489062 0.375 0.192188 0.0921875 0.811523
0 0.489844 0.374902 0.192187 0.0939453 0.813965
0 0.489844 0.375684 0.191406 0.0955078 0.806641
0 0.490234 0.375684 0.191406 0.0939453 0.767578
0 0.489844 0.376172 0.192187 0.0929688 0.731934
0 0.446875 0.372656 0.105469 0.084375 0.666504
0 0.489844 0.375684 0.192187 0.0923828 0.742188
0 0.444922 0.372461 0.100781 0.0847656 0.689941
0 0.490625 0.375 0.190625 0.09375 0.771973
0 0.490625 0.375391 0.189844 0.0945313 0.786133
0 0.490625 0.375391 0.190625 0.09375 0.763672
0 0.490625 0.375098 0.190625 0.0935547 0.757812
0 0.491406 0.374609 0.190625 0.0914062 0.739258
0 0.450781 0.372852 0.109375 0.0871094 0.511719
0 0.490625 0.374414 0.189063 0.0902344 0.730957
0 0.444922 0.372656 0.0976562 0.0859375 0.582031
0 0.491406 0.375098 0.191406 0.0904297 0.645996
0 0.439063 0.373633 0.0875 0.0855469 0.612305
0 0.490625 0.376563 0.192187 0.0929688 0.680664
0 0.438281 0.374023 0.0875 0.0863281 0.588867
0 0.490625 0.377246 0.190625 0.0939453 0.725098
0 0.439063 0.374023 0.0890625 0.0863281 0.548828
0 0.490625 0.378125 0.190625 0.0960937 0.754395
0 0.448438 0.374219 0.107813 0.0867187 0.521484
0 0.490625 0.379004 0.190625 0.0998047 0.784668
0 0.490625 0.379004 0.189844 0.0998047 0.794434
0 0.490625 0.377734 0.189844 0.0984375 0.796387
0 0.490625 0.377441 0.190625 0.0982422 0.785156
0 0.4625 0.373438 0.134375 0.0882812 0.518555
0 0.490625 0.377344 0.189844 0.096875 0.775879
0 0.457031 0.373438 0.123437 0.0882812 0.509766
0 0.448438 0.37207 0.107813 0.0863281 0.640625
0 0.480469 0.373633 0.170312 0.0910156 0.62793
