0 0.664062 0.457813 0.175781 0.185156 0.656738
1 0.664062 0.457813 0.175781 0.185156 0.548828
0 0.65625 0.448828 0.179688 0.170312 0.712891
1 0.65625 0.448828 0.179688 0.170312 0.606934
0 0.658594 0.453027 0.178125 0.175195 0.705078
0 0.65625 0.449121 0.182813 0.17832 0.767578
1 0.65625 0.449121 0.182813 0.17832 0.596191
0 0.661719 0.453809 0.185937 0.173633 0.740723
1 0.661719 0.453809 0.185937 0.173633 0.717773
1 0.660938 0.451172 0.192187 0.174219 0.774414
0 0.660938 0.451172 0.192187 0.174219 0.621582
1 0.661719 0.450684 0.184375 0.176758 0.594727
0 0.661719 0.450684 0.184375 0.176758 0.587891
0 0.660938 0.453906 0.190625 0.171875 0.653809
1 0.660938 0.453906 0.190625 0.171875 0.517578
0 0.660156 0.452734 0.184375 0.175 0.533203
1 0.658594 0.453027 0.179688 0.17207 0.552734
0 0.658594 0.450391 0.189062 0.173438 0.574707
1 0.659375 0.450684 0.1875 0.17207 0.517578
0 0.657031 0.451172 0.190625 0.175 0.643555
1 0.660547 0.451563 0.186719 0.173438 0.572754
1 0.660547 0.452441 0.189844 0.173242 0.562012
1 0.658594 0.451465 0.180469 0.176758 0.580566
1 0.660156 0.451172 0.190625 0.174219 0.716797
1 0.660938 0.450391 0.182813 0.175781 0.509766
1 0.6625 0.449609 0.182813 0.174219 0.521484
1 0.658203 0.450098 0.185156 0.17793 0.689941
1 0.658203 0.450098 0.184375 0.17793 0.71875
1 0.6625 0.449902 0.185156 0.17207 0.559082
1 0.659375 0.451563 0.18125 0.170313 0.555664
1 0.658594 0.450879 0.18125 0.173242 0.674805
0 0.660156 0.451465 0.18125 0.175195 0.527344
1 0.657422 0.451563 0.180469 0.173438 0.814453
0 0.658594 0.453516 0.18125 0.175781 0.541016
1 0.658594 0.45 0.184375 0.175781 0.874512
1 0.653906 0.613281 0.1375 0.0984375 0.6875
1 0.660156 0.450391 0.1875 0.177344 0.914062
1 0.654688 0.616016 0.142187 0.100781 0.770508
1 0.663672 0.451172 0.191406 0.173437 0.867188
1 0.654688 0.616406 0.142187 0.100781 0.689941
1 0.663281 0.453516 0.19375 0.174219 0.769043
1 0.662109 0.452344 0.188281 0.167187 0.708984
1 0.661328 0.453125 0.189062 0.164844 0.637207
1 0.660547 0.45 0.186719 0.167969 0.685059
1 0.659766 0.450098 0.185156 0.170117 0.890137
1 0.659375 0.448438 0.195312 0.172656 0.87207
1 0.657031 0.449316 0.1875 0.174805 0.737305
0 0.663281 0.455078 0.188281 0.183594 0.654785
0 0.661719 0.45166 0.18125 0.166992 0.688477
1 0.658984 0.45 0.185156 0.170312 0.649414
1 0.660937 0.449902 0.1875 0.168945 0.903809
1 0.660156 0.451172 0.184375 0.175 0.57959
1 0.660156 0.454785 0.184375 0.168555 0.629883
1 0.658594 0.451953 0.185938 0.171094 0.76416
0 0.660938 0.451172 0.186719 0.172656 0.509766
1 0.658984 0.454785 0.185156 0.173242 0.777344
1 0.661328 0.455469 0.183594 0.164063 0.828613
1 0.661719 0.451563 0.182813 0.167187 0.679199
0 0.659375 0.448047 0.185938 0.174219 0.723145
0 0.658594 0.45 0.185938 0.171875 0.564941
0 0.660156 0.45 0.182813 0.171875 0.552734
1 0.660547 0.453516 0.183594 0.172656 0.804199
1 0.660156 0.452246 0.1875 0.170508 0.740234
1 0.660156 0.450781 0.188281 0.171094 0.744629
1 0.659375 0.450684 0.184375 0.173633 0.811523
1 0.657031 0.453223 0.185937 0.166992 0.721191
1 0.65625 0.453516 0.185938 0.166406 0.793945
1 0.658594 0.45 0.185938 0.175781 0.833496
1 0.659375 0.450098 0.1875 0.170117 0.905273
1 0.658203 0.450391 0.186719 0.175 0.883301
1 0.657031 0.452441 0.186719 0.17168 0.822754
1 0.656641 0.457031 0.188281 0.161719 0.825684
0 0.657813 0.457812 0.1875 0.167969 0.622559
1 0.659766 0.452734 0.185156 0.166406 0.663574
0 0.660156 0.450879 0.1875 0.168555 0.666992
1 0.658594 0.457812 0.184375 0.1625 0.777344
1 0.659375 0.455078 0.1875 0.163281 0.731934
1 0.657812 0.453809 0.185937 0.17207 0.847656
0 0.664062 0.450781 0.189062 0.171094 0.675781
1 0.657812 0.453125 0.185156 0.169531 0.909668
1 0.659766 0.457031 0.185156 0.157812 0.641602
0 0.661719 0.454688 0.1875 0.165625 0.566895
1 0.660547 0.450879 0.189062 0.166992 0.902344
1 0.660156 0.449609 0.185938 0.169531 0.856445
0 0.658984 0.449609 0.184375 0.169531 0.62793
1 0.659375 0.450391 0.182812 0.170313 0.76123
1 0.660938 0.452344 0.185937 0.167187 0.795898
1 0.660156 0.450391 0.189062 0.171094 0.776855
0 0.6625 0.449902 0.1875 0.167383 0.698242
1 0.659766 0.451465 0.185937 0.170508 0.525391
0 0.663281 0.452344 0.189062 0.164062 0.886719
0 0.660938 0.457031 0.189063 0.159375 0.826172
1 0.661328 0.455371 0.189062 0.164258 0.843262
1 0.660938 0.451953 0.189063 0.172656 0.730957
1 0.660156 0.455371 0.184375 0.161133 0.630859
0 0.661328 0.453906 0.185938 0.167188 0.606934
1 0.660156 0.453906 0.185938 0.166406 0.789062
1 0.660156 0.451953 0.185938 0.172656 0.864746
1 0.659766 0.451465 0.186719 0.175195 0.878906
1 0.660938 0.450098 0.188281 0.173242 0.884277
1 0.661719 0.453125 0.184375 0.16875 0.786133
1 0.661719 0.452246 0.185937 0.168945 0.750488
1 0.660156 0.452441 0.184375 0.173242 0.911621
1 0.660156 0.450684 0.184375 0.17207 0.862793
1 0.659375 0.453125 0.184375 0.167188 0.791992
1 0.660156 0.451172 0.184375 0.164844 0.743164
1 0.660937 0.449609 0.183594 0.16875 0.936035
1 0.661719 0.449609 0.184375 0.172656 0.935547
1 0.660938 0.451953 0.185937 0.167188 0.92627
1 0.660156 0.454785 0.18125 0.163867 0.842285
1 0.660938 0.453125 0.184375 0.169531 0.910645
1 0.659766 0.452734 0.18125 0.163281 0.87207
0 0.659766 0.449219 0.185156 0.169531 0.825195
0 0.659766 0.449609 0.185156 0.167969 0.847656
1 0.659766 0.450098 0.186719 0.166992 0.834961
1 0.660156 0.448438 0.184375 0.165625 0.903809
1 0.659375 0.45 0.185938 0.163281 0.87793
1 0.658594 0.453125 0.1875 0.160938 0.780762
0 0.659766 0.450391 0.188281 0.167969 0.561035
0 0.660156 0.451563 0.1875 0.1625 0.90918
0 0.660156 0.450391 0.185938 0.164062 0.710449
0 0.6625 0.449219 0.1875 0.165625 0.700684
1 0.659375 0.450781 0.185938 0.167188 0.625977
0 0.661719 0.450781 0.185937 0.164063 0.851562
0 0.659375 0.449902 0.184375 0.16582 0.759277
0 0.660156 0.451172 0.185938 0.167969 0.916016
1 0.659375 0.451172 0.185938 0.167969 0.875
1 0.658594 0.454004 0.184375 0.16543 0.694336
0 0.6625 0.45166 0.189062 0.163867 0.610352
0 0.6625 0.453125 0.1875 0.159375 0.754395
1 0.659766 0.45459 0.183594 0.161133 0.805664
1 0.660547 0.451563 0.179688 0.171094 0.790527
1 0.660937 0.450781 0.179688 0.169531 0.730469
0 0.660156 0.449219 0.184375 0.170312 0.587891
1 0.660156 0.450098 0.182813 0.170117 0.900391
1 0.660938 0.451172 0.182813 0.169531 0.927734
1 0.660156 0.452734 0.184375 0.171094 0.938477
1 0.660547 0.453516 0.183594 0.167969 0.89502
1 0.660547 0.452344 0.182031 0.16875 0.875977
1 0.660156 0.452344 0.18125 0.171094 0.884766
1 0.659375 0.453516 0.182812 0.167187 0.905273
1 0.660937 0.453223 0.179688 0.16543 0.904785
1 0.660547 0.451953 0.179688 0.165625 0.935059
1 0.659766 0.452441 0.182031 0.16543 0.944824
1 0.658594 0.453027 0.182813 0.162695 0.928711
1 0.658594 0.454297 0.18125 0.160156 0.911133
1 0.659375 0.451465 0.182812 0.164258 0.863281
1 0.659375 0.450391 0.185938 0.165625 0.931152
1 0.659375 0.450391 0.185938 0.166406 0.930176
1 0.660156 0.450391 0.1875 0.166406 0.94043
1 0.660547 0.45 0.185938 0.16875 0.959961
1 0.660156 0.449316 0.185938 0.170117 0.964355
1 0.660156 0.449219 0.182813 0.170312 0.929199
1 0.660938 0.452441 0.182813 0.170117 0.906738
1 0.660547 0.451563 0.184375 0.167969 0.915527
1 0.660156 0.452246 0.184375 0.168945 0.935059
1 0.660938 0.450781 0.185156 0.169531 0.942383
1 0.660547 0.449902 0.184375 0.168945 0.93457
1 0.660156 0.450684 0.184375 0.170508 0.917969
1 0.660156 0.450684 0.184375 0.170508 0.91748
1 0.660156 0.450781 0.182813 0.171094 0.930176
1 0.660938 0.451953 0.184375 0.170312 0.9375
1 0.660938 0.45166 0.182813 0.17168 0.924805
1 0.660156 0.451563 0.182813 0.169531 0.892578
1 0.660156 0.452246 0.185156 0.168945 0.884277
1 0.659375 0.452344 0.185156 0.169531 0.887207
1 0.659375 0.452441 0.184375 0.170117 0.915527
1 0.660547 0.452246 0.183594 0.17207 0.926758
1 0.660156 0.451172 0.184375 0.172656 0.922363
1 0.659375 0.451172 0.184375 0.171875 0.931152
1 0.659375 0.452344 0.184375 0.169531 0.920898
1 0.660156 0.453906 0.185938 0.16875 0.914062
1 0.660156 0.452344 0.185938 0.167969 0.913086
1 0.659375 0.453516 0.182812 0.167187 0.909668
1 0.660156 0.454297 0.182813 0.169531 0.891113
1 0.659766 0.453906 0.183594 0.169531 0.889648
1 0.658984 0.452734 0.184375 0.16875 0.899902
1 0.659375 0.452734 0.184375 0.170312 0.896973
1 0.659766 0.452441 0.184375 0.17168 0.906738
1 0.660156 0.451563 0.185938 0.170313 0.915039
1 0.660156 0.451172 0.185938 0.169531 0.919434
1 0.658984 0.453027 0.184375 0.168945 0.921875
1 0.659375 0.452734 0.184375 0.169531 0.917969
1 0.659375 0.452734 0.184375 0.170312 0.918457
1 0.660156 0.451563 0.184375 0.171875 0.927246
1 0.660156 0.451172 0.184375 0.172656 0.926758
1 0.660547 0.450781 0.183594 0.174219 0.931152
1 0.660547 0.450781 0.182813 0.173438 0.930664
1 0.660938 0.451953 0.182813 0.172656 0.927734
1 0.660547 0.451562 0.183594 0.172656 0.927246
1 0.660156 0.451465 0.184375 0.17207 0.928223
1 0.660156 0.451172 0.184375 0.172656 0.932129
1 0.660547 0.450684 0.183594 0.17207 0.936523
1 0.660547 0.450684 0.183594 0.17207 0.94043
1 0.660547 0.450684 0.183594 0.17207 0.942871
1 0.660547 0.450781 0.183594 0.171875 0.944336
1 0.660547 0.450781 0.183594 0.171875 0.946777
1 0.660547 0.45 0.185938 0.16875 0.959961
