0 0.771875 0.678125 0.129687 0.144531 0.589844
1 0.771875 0.678125 0.129687 0.144531 0.562988
1 0.764063 0.674219 0.125 0.132812 0.524414
0 0.763672 0.675 0.119531 0.134375 0.571777
1 0.763281 0.670703 0.126563 0.135156 0.539062
0 0.763672 0.666797 0.125781 0.141406 0.510742
1 0.764453 0.671094 0.125781 0.13125 0.783203
0 0.764453 0.671094 0.125781 0.13125 0.704102
1 0.763281 0.673828 0.13125 0.135938 0.67041
0 0.764063 0.672266 0.126562 0.132812 0.642578
0 0.766406 0.671875 0.121875 0.132812 0.60498
1 0.766406 0.671875 0.121875 0.132812 0.557129
1 0.767969 0.678125 0.117188 0.140625 0.517578
1 0.769531 0.682813 0.120313 0.151562 0.537109
1 0.766016 0.676172 0.128906 0.139844 0.556641
1 0.767187 0.674219 0.121875 0.134375 0.543945
1 0.765234 0.674219 0.125781 0.13125 0.605957
1 0.767969 0.669922 0.126562 0.130469 0.740723
1 0.767969 0.676172 0.125 0.135156 0.727051
1 0.766406 0.678906 0.120313 0.139844 0.750488
1 0.767969 0.676172 0.123438 0.136719 0.645996
0 0.764844 0.675781 0.120312 0.139844 0.588867
1 0.767969 0.671094 0.123438 0.1375 0.758301
1 0.763281 0.674219 0.126563 0.134375 0.820801
1 0.764063 0.673437 0.125 0.1375 0.787109
0 0.765625 0.672656 0.121875 0.125 0.57373
0 0.766797 0.671875 0.122656 0.125 0.867188
1 0.766406 0.674219 0.121875 0.132812 0.572754
0 0.764063 0.674219 0.11875 0.13125 0.680176
0 0.766797 0.670313 0.125781 0.132812 0.813477
0 0.76875 0.672656 0.126562 0.128125 0.907715
0 0.76875 0.671875 0.125 0.132812 0.929199
0 0.769922 0.673437 0.124219 0.129687 0.76123
0 0.767187 0.674609 0.128125 0.135156 0.764648
0 0.76875 0.673437 0.126562 0.135938 0.713867
0 0.767969 0.672656 0.125 0.129687 0.727051
0 0.765625 0.671094 0.121875 0.126562 0.86377
0 0.766406 0.664844 0.121875 0.121875 0.685059
0 0.767969 0.667188 0.126562 0.121094 0.817383
0 0.765625 0.672656 0.126562 0.132031 0.966309
0 0.767187 0.673047 0.123437 0.128125 0.854004
0 0.767969 0.671875 0.123438 0.121875 0.891602
0 0.769531 0.665625 0.121875 0.115625 0.891602
1 0.767578 0.670313 0.125781 0.132812 0.67041
0 0.767969 0.673438 0.129687 0.132812 0.651367
1 0.770313 0.672656 0.129687 0.129687 0.549805
0 0.770313 0.672656 0.13125 0.128125 0.500977
0 0.766797 0.673437 0.124219 0.128125 0.773926
0 0.763672 0.671875 0.127344 0.126562 0.92627
0 0.765625 0.673437 0.125 0.13125 0.777832
0 0.767969 0.672656 0.126562 0.132812 0.862305
0 0.767187 0.673047 0.121875 0.128906 0.950195
0 0.766406 0.674609 0.121875 0.132812 0.901855
0 0.767187 0.675781 0.120313 0.135938 0.872559
0 0.765625 0.673437 0.121875 0.128125 0.899902
0 0.764063 0.670313 0.11875 0.126562 0.865723
0 0.764063 0.671875 0.11875 0.130469 0.818359
0 0.766016 0.672656 0.121094 0.13125 0.857422
0 0.766406 0.672656 0.123437 0.132812 0.840332
0 0.764063 0.667969 0.123438 0.129687 0.827148
0 0.767578 0.667969 0.119531 0.125 0.861816
0 0.766406 0.671875 0.11875 0.132812 0.500977
0 0.767187 0.671875 0.11875 0.13125 0.793945
0 0.764063 0.669531 0.121875 0.128125 0.569824
0 0.765625 0.669531 0.121875 0.126563 0.684082
0 0.765625 0.669531 0.125 0.125 0.584961
1 0.765625 0.670313 0.125 0.126562 0.539062
0 0.764844 0.670313 0.123438 0.128125 0.826172
0 0.767578 0.673438 0.124219 0.128906 0.895996
0 0.767578 0.672656 0.124219 0.135156 0.90918
0 0.766406 0.673828 0.125 0.13125 0.82373
0 0.765234 0.673828 0.125781 0.132031 0.897461
0 0.767578 0.674219 0.122656 0.132812 0.938477
0 0.767187 0.673438 0.123437 0.128906 0.871094
0 0.766797 0.671094 0.121094 0.128125 0.891602
0 0.764844 0.670703 0.11875 0.128125 0.875977
0 0.767578 0.670313 0.121094 0.128125 0.939453
0 0.76875 0.672266 0.121875 0.125781 0.916504
0 0.767187 0.671875 0.123437 0.129687 0.867676
0 0.767187 0.673438 0.123437 0.132812 0.873535
0 0.767969 0.674219 0.125 0.132812 0.87793
0 0.769922 0.673047 0.127344 0.132031 0.884277
0 0.76875 0.675 0.125 0.132812 0.86377
0 0.767578 0.673437 0.125781 0.134375 0.86377
0 0.766406 0.672656 0.120313 0.129687 0.87793
0 0.765625 0.671094 0.117188 0.126562 0.881836
0 0.765625 0.671875 0.120313 0.128125 0.875488
0 0.767578 0.671875 0.125781 0.126562 0.901367
0 0.767188 0.672656 0.125 0.126563 0.755859
0 0.766797 0.672656 0.122656 0.129687 0.830566
0 0.767188 0.673047 0.125 0.130469 0.849609
0 0.764063 0.674219 0.123438 0.132812 0.92041
0 0.766406 0.674219 0.125 0.135156 0.880371
0 0.764063 0.671875 0.121875 0.128125 0.943359
0 0.766406 0.671094 0.123437 0.129688 0.909668
0 0.766016 0.675781 0.124219 0.134375 0.886719
0 0.767188 0.674609 0.125 0.133594 0.903809
0 0.766406 0.673438 0.121875 0.132812 0.901367
0 0.764844 0.675 0.121875 0.132812 0.881836
0 0.765625 0.674219 0.123438 0.134375 0.88916
0 0.765625 0.674219 0.120313 0.132031 0.925293
0 0.763281 0.674219 0.121875 0.129687 0.897461
0 0.764844 0.673828 0.123438 0.132031 0.905762
0 0.764844 0.674219 0.123438 0.13125 0.902344
0 0.765625 0.670313 0.125 0.128125 0.895996
0 0.766406 0.670703 0.125 0.128125 0.896484
0 0.765625 0.670313 0.123438 0.125 0.858398
0 0.767188 0.669531 0.125 0.125 0.861816
0 0.763281 0.671875 0.11875 0.125 0.897461
0 0.7625 0.669922 0.120313 0.124219 0.883789
0 0.764063 0.667969 0.11875 0.125 0.890625
0 0.764844 0.670313 0.121875 0.128125 0.891602
0 0.766016 0.669531 0.122656 0.125 0.731934
1 0.765234 0.670313 0.122656 0.128125 0.584961
0 0.766016 0.671094 0.121094 0.128125 0.76709
1 0.765625 0.671094 0.120313 0.128125 0.679199
0 0.764063 0.671094 0.121875 0.126562 0.895996
0 0.764453 0.671094 0.124219 0.125 0.913574
0 0.765625 0.671094 0.123438 0.125781 0.900391
0 0.765625 0.669922 0.121875 0.125781 0.872559
0 0.764844 0.671094 0.125 0.125 0.818359
0 0.765625 0.672656 0.125 0.13125 0.893066
0 0.766016 0.672656 0.119531 0.128906 0.914551
0 0.764844 0.670313 0.121875 0.123438 0.912598
0 0.765625 0.667578 0.120313 0.121094 0.908203
0 0.765625 0.668359 0.120313 0.120313 0.912109
0 0.765625 0.667969 0.123438 0.121875 0.94043
0 0.766797 0.666797 0.124219 0.120313 0.933105
0 0.766406 0.667578 0.125 0.121875 0.908203
0 0.766016 0.66875 0.122656 0.123437 0.896973
0 0.765625 0.66875 0.120313 0.125 0.897461
0 0.766016 0.667578 0.124219 0.122656 0.786621
0 0.764844 0.667969 0.120312 0.121875 0.934082
0 0.765234 0.669531 0.121094 0.123437 0.902832
0 0.764844 0.669922 0.121875 0.128125 0.84082
0 0.765625 0.671094 0.123438 0.128125 0.85498
0 0.766406 0.669922 0.125 0.125781 0.911133
0 0.766797 0.668359 0.124219 0.123438 0.927246
0 0.767188 0.66875 0.125 0.125 0.918945
0 0.766406 0.66875 0.125 0.126563 0.908203
0 0.766016 0.667969 0.124219 0.126562 0.922363
0 0.766406 0.66875 0.125 0.126563 0.920898
0 0.766406 0.669141 0.123437 0.128125 0.910645
0 0.765234 0.667969 0.122656 0.125 0.911133
0 0.765234 0.667969 0.124219 0.123438 0.906738
0 0.765234 0.66875 0.121094 0.125 0.908691
0 0.765625 0.669141 0.121875 0.126562 0.909668
0 0.765625 0.669531 0.121875 0.127344 0.908691
0 0.765625 0.667969 0.120313 0.125 0.925781
0 0.765625 0.667969 0.120313 0.123438 0.918457
0 0.765625 0.66875 0.120313 0.125 0.918457
0 0.766406 0.669531 0.123437 0.125781 0.91748
0 0.766406 0.669531 0.123437 0.125781 0.924805
0 0.766406 0.669531 0.123437 0.125781 0.933105
0 0.767187 0.669922 0.123437 0.126562 0.936523
0 0.766016 0.669531 0.122656 0.125 0.928711
0 0.764844 0.66875 0.121875 0.123437 0.914062
0 0.765625 0.66875 0.121875 0.124219 0.908691
0 0.765625 0.669531 0.120313 0.125 0.917969
0 0.765234 0.669141 0.119531 0.124219 0.924805
0 0.764844 0.66875 0.120312 0.122656 0.933594
0 0.764844 0.66875 0.120312 0.123437 0.943359
0 0.765625 0.66875 0.120313 0.125 0.942871
0 0.765625 0.669141 0.120313 0.125 0.934082
0 0.765625 0.669531 0.120313 0.125 0.923828
0 0.765625 0.669141 0.120313 0.125 0.925781
0 0.765625 0.669141 0.120313 0.125 0.929199
0 0.765625 0.66875 0.120313 0.125 0.928711
0 0.765625 0.66875 0.120313 0.125 0.91748
0 0.765625 0.66875 0.121875 0.124219 0.90918
0 0.765625 0.66875 0.121875 0.123437 0.908203
0 0.765625 0.66875 0.121875 0.123437 0.910645
0 0.765625 0.667969 0.121875 0.123438 0.924316
0 0.765625 0.667969 0.121875 0.123438 0.928711
0 0.765625 0.667969 0.120313 0.123438 0.932617
0 0.765625 0.667969 0.120313 0.123438 0.931641
0 0.766016 0.668359 0.121094 0.123438 0.930176
0 0.765625 0.66875 0.120313 0.125 0.898438
