1 0.400781 0.515234 0.227344 0.199219 0.540039
1 0.289844 0.625781 0.279687 0.348438 0.586914
0 0.405078 0.514063 0.225 0.201563 0.759766
1 0.405078 0.514063 0.225 0.201563 0.727051
0 0.411621 0.507812 0.211133 0.184375 0.881836
1 0.411621 0.507812 0.211133 0.184375 0.712402
0 0.4125 0.516797 0.211719 0.189063 0.832031
0 0.407422 0.507812 0.221875 0.185937 0.875977
1 0.407422 0.507812 0.221875 0.185937 0.645996
0 0.409473 0.510938 0.20918 0.182812 0.868652
1 0.409473 0.510938 0.20918 0.182812 0.818848
1 0.404785 0.508984 0.224805 0.188281 0.799316
0 0.404785 0.508984 0.224805 0.188281 0.711426
0 0.405859 0.511719 0.210938 0.196875 0.624512
1 0.405859 0.511719 0.210938 0.196875 0.586914
0 0.408594 0.510938 0.225781 0.192188 0.708984
0 0.40625 0.510156 0.220312 0.190625 0.656738
1 0.40625 0.510156 0.220312 0.190625 0.529297
0 0.405469 0.508594 0.221875 0.192188 0.516602
0 0.407031 0.508594 0.219531 0.194531 0.720215
0 0.410938 0.508594 0.2125 0.189063 0.705566
0 0.40791 0.5125 0.22168 0.195312 0.62793
1 0.408203 0.511328 0.21875 0.192969 0.550781
0 0.407422 0.511719 0.220313 0.190625 0.642578
0 0.406934 0.510156 0.22207 0.189063 0.674805
0 0.406641 0.513672 0.217188 0.189062 0.824219
0 0.411035 0.516406 0.20918 0.182813 0.881836
0 0.411816 0.511719 0.216992 0.1875 0.756348
0 0.412598 0.512891 0.216992 0.196094 0.775879
0 0.411816 0.516797 0.210742 0.184375 0.811035
0 0.409766 0.517969 0.211719 0.184375 0.774414
1 0.412402 0.5125 0.212695 0.195312 0.604004
0 0.409473 0.511719 0.21543 0.198438 0.52832
1 0.410156 0.515625 0.217187 0.195312 0.756348
1 0.406641 0.517188 0.214062 0.189063 0.671387
1 0.406152 0.514063 0.214258 0.195313 0.757812
1 0.410938 0.511719 0.220313 0.192188 0.721191
1 0.409375 0.515625 0.215625 0.192188 0.653809
1 0.40791 0.516797 0.213867 0.196875 0.616699
0 0.404004 0.516406 0.218555 0.186719 0.604004
0 0.407813 0.513281 0.214844 0.190625 0.729492
1 0.412891 0.512891 0.217969 0.183594 0.712891
1 0.403809 0.5125 0.233008 0.1875 0.614258
1 0.405078 0.515625 0.220313 0.195312 0.639648
0 0.410156 0.513281 0.223438 0.195313 0.539062
0 0.409277 0.514844 0.217383 0.185938 0.62793
1 0.408594 0.515625 0.213281 0.185937 0.557129
1 0.405078 0.510938 0.2125 0.192188 0.662598
1 0.405859 0.513281 0.213281 0.189063 0.71875
0 0.407031 0.5125 0.214063 0.185937 0.751953
0 0.412109 0.513672 0.208594 0.185156 0.680176
0 0.413379 0.514844 0.21543 0.189063 0.807617
1 0.410156 0.514844 0.219531 0.19375 0.666992
1 0.410254 0.514844 0.216992 0.192188 0.850586
1 0.405859 0.516016 0.221875 0.186719 0.833008
0 0.406348 0.514844 0.22168 0.185156 0.660156
0 0.408691 0.517969 0.22168 0.185156 0.827637
0 0.406641 0.516406 0.222656 0.1875 0.825684
1 0.407422 0.515234 0.219531 0.189844 0.547852
1 0.406348 0.515234 0.216992 0.191406 0.539062
1 0.408594 0.510938 0.21875 0.189063 0.776855
1 0.408496 0.5125 0.214258 0.19375 0.870605
1 0.403027 0.511328 0.223633 0.188281 0.64502
1 0.410254 0.514844 0.21543 0.19375 0.557129
0 0.407422 0.514844 0.214062 0.192188 0.669922
0 0.407715 0.514453 0.214258 0.186719 0.733887
1 0.407812 0.515625 0.217187 0.18125 0.574707
1 0.40625 0.5125 0.217187 0.192188 0.685059
0 0.413379 0.516016 0.224805 0.191406 0.859863
0 0.409766 0.516797 0.222656 0.189063 0.809082
0 0.407031 0.515625 0.213281 0.192188 0.78125
0 0.409375 0.516406 0.214062 0.189063 0.560059
1 0.407031 0.513281 0.215625 0.19375 0.569824
1 0.403516 0.517187 0.211719 0.192187 0.660156
0 0.409473 0.516406 0.212305 0.183594 0.667969
1 0.410059 0.516406 0.218945 0.189063 0.876953
0 0.408984 0.514844 0.2125 0.195312 0.78418
1 0.407715 0.515234 0.217383 0.189844 0.508789
1 0.405078 0.513281 0.217969 0.19375 0.639648
1 0.409375 0.514453 0.208594 0.192188 0.608398
0 0.40791 0.514453 0.213867 0.190625 0.514648
1 0.408496 0.5125 0.217383 0.192188 0.888184
1 0.408203 0.512891 0.216406 0.189063 0.874512
0 0.413184 0.514453 0.22832 0.192969 0.758301
1 0.409766 0.514063 0.214844 0.190625 0.815918
1 0.407129 0.516406 0.218555 0.185937 0.867676
1 0.405859 0.513672 0.221875 0.185937 0.616699
0 0.40625 0.515625 0.220312 0.1875 0.520508
1 0.407422 0.512109 0.217969 0.189063 0.802734
1 0.406641 0.514063 0.219531 0.1875 0.895996
1 0.407031 0.516016 0.225 0.189063 0.894531
1 0.410547 0.514844 0.222656 0.194531 0.896484
1 0.407812 0.514844 0.217187 0.195312 0.724121
1 0.410156 0.514063 0.211719 0.189063 0.8125
1 0.409473 0.514844 0.21543 0.189063 0.682617
0 0.407422 0.514844 0.214844 0.195312 0.569824
1 0.410547 0.514063 0.214844 0.192187 0.883789
1 0.408691 0.514453 0.21543 0.194531 0.900391
1 0.408594 0.511719 0.214844 0.19375 0.888184
1 0.409766 0.512891 0.211719 0.189844 0.814453
1 0.409375 0.5125 0.214062 0.192188 0.87793
1 0.409473 0.514063 0.20918 0.196875 0.887695
1 0.410937 0.512891 0.207813 0.194531 0.800293
1 0.406348 0.516406 0.21543 0.1875 0.890625
1 0.40459 0.515625 0.220508 0.185937 0.887695
1 0.40625 0.515625 0.215625 0.190625 0.867676
1 0.408594 0.5125 0.217188 0.19375 0.833008
1 0.409473 0.513281 0.226367 0.19375 0.88623
1 0.408594 0.515625 0.225781 0.192188 0.853516
1 0.408691 0.516016 0.220117 0.189844 0.775879
0 0.406934 0.516016 0.223633 0.189844 0.797363
1 0.409375 0.514063 0.219531 0.1875 0.504883
0 0.407715 0.514844 0.220508 0.192188 0.712891
1 0.410547 0.514063 0.21875 0.190625 0.653809
1 0.409766 0.515625 0.214063 0.190625 0.677246
0 0.406641 0.515625 0.214844 0.190625 0.614258
1 0.407812 0.515625 0.217187 0.190625 0.815918
1 0.408203 0.513672 0.217187 0.192969 0.881348
1 0.40625 0.5125 0.21875 0.19375 0.876953
1 0.407031 0.514063 0.217187 0.192187 0.870117
1 0.407813 0.515625 0.215625 0.192188 0.897461
1 0.407031 0.515234 0.219531 0.192187 0.911621
1 0.408203 0.512109 0.223438 0.194531 0.901367
1 0.407813 0.513281 0.221875 0.192969 0.875977
1 0.40625 0.512891 0.221094 0.191406 0.913086
1 0.406934 0.513281 0.218945 0.192187 0.922852
1 0.405859 0.514844 0.222656 0.195312 0.925781
1 0.406934 0.515234 0.225195 0.194531 0.836426
0 0.405469 0.517969 0.225781 0.192187 0.726562
1 0.406348 0.515625 0.218555 0.190625 0.557129
1 0.407031 0.514453 0.220313 0.189844 0.736328
0 0.40625 0.517187 0.23125 0.190625 0.520508
0 0.406348 0.516406 0.231055 0.192188 0.750488
1 0.407813 0.514844 0.219531 0.185938 0.559082
0 0.404688 0.514844 0.225 0.192188 0.732422
1 0.406934 0.514844 0.22207 0.19375 0.908203
1 0.408691 0.515625 0.218555 0.19375 0.953125
1 0.408594 0.517187 0.217969 0.192187 0.955078
1 0.40791 0.517188 0.220117 0.189063 0.900391
1 0.408203 0.514844 0.21875 0.19375 0.796875
1 0.407813 0.513281 0.21875 0.196875 0.844727
1 0.408984 0.514844 0.219531 0.19375 0.888672
1 0.409473 0.514844 0.216992 0.194531 0.805664
1 0.408984 0.517188 0.217187 0.195313 0.885742
1 0.407031 0.516406 0.220313 0.195312 0.935547
1 0.40625 0.515234 0.222656 0.196094 0.938477
1 0.406641 0.515625 0.221875 0.19375 0.914062
1 0.406641 0.514063 0.222656 0.196875 0.870605
1 0.408203 0.514063 0.221094 0.195313 0.941895
1 0.407715 0.514844 0.220508 0.19375 0.930176
1 0.407715 0.514844 0.220508 0.192188 0.907227
1 0.408984 0.514453 0.219531 0.192969 0.942871
1 0.409277 0.514844 0.22207 0.19375 0.94873
1 0.408984 0.514453 0.222656 0.195312 0.920898
1 0.408984 0.516797 0.221875 0.196875 0.898438
1 0.408203 0.516406 0.221094 0.195312 0.897461
1 0.409375 0.515234 0.222656 0.194531 0.908691
1 0.410254 0.513281 0.223242 0.19375 0.869629
1 0.408984 0.511719 0.217187 0.19375 0.671387
0 0.409766 0.5125 0.221875 0.192969 0.515625
0 0.408984 0.514063 0.221875 0.19375 0.811523
1 0.407129 0.513281 0.22168 0.195313 0.644043
0 0.408691 0.514063 0.22168 0.195313 0.536133
1 0.408496 0.513672 0.218945 0.192969 0.894043
1 0.409473 0.514063 0.22168 0.195313 0.925293
1 0.408984 0.514453 0.217969 0.19375 0.913574
1 0.408594 0.513281 0.216406 0.195313 0.812988
1 0.407422 0.514063 0.217969 0.195313 0.733398
1 0.407031 0.513281 0.21875 0.195313 0.791016
1 0.407813 0.512891 0.217969 0.195312 0.871582
1 0.408496 0.513281 0.217383 0.196875 0.888184
1 0.408594 0.5125 0.215625 0.198438 0.801758
1 0.408594 0.5125 0.214062 0.198438 0.839844
1 0.408984 0.512891 0.213281 0.198437 0.831055
1 0.40791 0.514063 0.22168 0.196875 0.848145
1 0.408496 0.513281 0.21582 0.195313 0.85498
1 0.408984 0.513281 0.215625 0.196094 0.859863
1 0.408984 0.513281 0.216406 0.198438 0.793945
1 0.408594 0.513281 0.217188 0.198438 0.744141
1 0.408594 0.5125 0.21875 0.196875 0.804199
1 0.410547 0.514063 0.227344 0.196875 0.867188
1 0.41084 0.514063 0.225195 0.196875 0.913574
1 0.410059 0.514453 0.223633 0.196094 0.910645
1 0.409766 0.514453 0.223437 0.194531 0.872559
1 0.408496 0.514063 0.22207 0.19375 0.854004
1 0.408984 0.514063 0.222656 0.19375 0.871582
1 0.408984 0.514063 0.222656 0.19375 0.883301
1 0.410547 0.514063 0.225 0.195313 0.888184
1 0.410156 0.514063 0.224219 0.195313 0.890137
1 0.410254 0.514063 0.223242 0.196875 0.900391
1 0.408594 0.513672 0.220313 0.196094 0.871582
1 0.408594 0.514063 0.220313 0.195313 0.827637
1 0.407715 0.513281 0.217383 0.196875 0.818848
1 0.407812 0.513672 0.217187 0.196094 0.819824
1 0.407812 0.513281 0.217187 0.196875 0.832031
1 0.408203 0.513281 0.217187 0.196875 0.86084
1 0.408691 0.513281 0.216992 0.196875 0.873047
1 0.408594 0.513281 0.217188 0.196875 0.884766
1 0.408691 0.513281 0.216992 0.196875 0.889648
1 0.408691 0.513281 0.216992 0.196875 0.891602
1 0.408984 0.514453 0.219531 0.192969 0.942871
