1 0.290234 0.307227 0.137109 0.084375 0.608398
0 0.290234 0.307227 0.137109 0.084375 0.541992
0 0.292969 0.307617 0.129687 0.0960937 0.618652
0 0.289062 0.291211 0.136719 0.125391 0.543945
1 0.289062 0.291211 0.136719 0.125391 0.518555
1 0.292383 0.293359 0.135547 0.119141 0.521484
0 0.292383 0.293359 0.135547 0.119141 0.507812
0 0.288281 0.287305 0.139844 0.126953 0.595703
1 0.291211 0.286328 0.136328 0.11875 0.565918
1 0.294141 0.284375 0.133594 0.132813 0.520508
1 0.294531 0.292969 0.132812 0.120312 0.527344
1 0.293359 0.294531 0.135937 0.114844 0.526367
0 0.292188 0.29668 0.1375 0.104297 0.510742
1 0.294141 0.295898 0.134375 0.107813 0.637207
1 0.291992 0.3 0.136719 0.107031 0.540039
1 0.293555 0.291406 0.135938 0.117187 0.613281
1 0.291797 0.29043 0.134375 0.117969 0.63623
1 0.292383 0.280859 0.133984 0.135938 0.567871
1 0.292188 0.291797 0.134375 0.11875 0.668945
1 0.29375 0.287695 0.132813 0.121094 0.835938
1 0.293164 0.289453 0.134766 0.126563 0.934082
1 0.290625 0.291602 0.139844 0.117578 0.836426
1 0.291016 0.299023 0.139844 0.107812 0.811523
1 0.291406 0.299023 0.139063 0.107422 0.81543
1 0.290039 0.300781 0.141797 0.103125 0.721191
1 0.291797 0.297266 0.138281 0.109375 0.604004
1 0.293359 0.291797 0.133594 0.117188 0.753418
1 0.291797 0.291992 0.139062 0.119922 0.674805
1 0.293359 0.308984 0.128906 0.0828125 0.583984
1 0.291406 0.301562 0.132812 0.0984375 0.541992
1 0.29375 0.298047 0.133594 0.105469 0.764648
1 0.289453 0.292578 0.1375 0.114063 0.762695
1 0.289062 0.292969 0.139063 0.113672 0.806152
1 0.289453 0.304297 0.139844 0.0929688 0.773438
1 0.289844 0.292969 0.139062 0.110938 0.82373
1 0.290234 0.294531 0.139844 0.115625 0.779785
1 0.29082 0.295508 0.144141 0.108203 0.825195
1 0.291016 0.296094 0.140625 0.107031 0.660156
1 0.292969 0.291797 0.136719 0.117188 0.583008
1 0.292969 0.292188 0.136719 0.112109 0.662109
1 0.292969 0.301758 0.1375 0.100391 0.782715
1 0.29375 0.3 0.135156 0.101172 0.78125
1 0.292773 0.290625 0.135547 0.11875 0.514648
1 0.291797 0.290039 0.140625 0.116016 0.73584
1 0.291797 0.295312 0.135156 0.114453 0.755859
1 0.287695 0.293359 0.140625 0.114844 0.719238
1 0.291016 0.303906 0.138672 0.0929688 0.816406
1 0.291016 0.301953 0.139844 0.1 0.81543
1 0.290625 0.301563 0.140625 0.09375 0.861328
1 0.291016 0.299219 0.139844 0.103906 0.819824
1 0.293359 0.289648 0.136719 0.123047 0.766113
1 0.291797 0.29082 0.140625 0.122266 0.809082
1 0.292188 0.291406 0.138281 0.11875 0.812988
1 0.291406 0.291797 0.139844 0.119141 0.885742
1 0.291992 0.293359 0.137891 0.116406 0.85791
1 0.292188 0.290625 0.1375 0.11875 0.852051
1 0.290234 0.292969 0.139844 0.114062 0.855469
1 0.291602 0.29082 0.139453 0.117969 0.825195
1 0.29082 0.289844 0.139844 0.122656 0.88916
1 0.291992 0.289453 0.141016 0.123438 0.739258
1 0.289844 0.292578 0.139844 0.116406 0.868164
1 0.291211 0.298438 0.138672 0.105469 0.864746
1 0.292188 0.301562 0.1375 0.0953125 0.893555
1 0.292383 0.3 0.137109 0.1 0.861816
1 0.29375 0.302539 0.136719 0.096875 0.879395
1 0.292578 0.3 0.139063 0.104688 0.909668
1 0.292773 0.301172 0.136328 0.0945313 0.86377
1 0.291016 0.299414 0.139063 0.0980469 0.869141
1 0.292578 0.300391 0.1375 0.101562 0.884277
1 0.291016 0.302734 0.138281 0.0945312 0.881836
1 0.291016 0.299219 0.139844 0.101562 0.896484
1 0.291797 0.298242 0.138281 0.102344 0.883789
1 0.291992 0.29375 0.137891 0.113281 0.813477
1 0.291797 0.300781 0.135937 0.0976562 0.753418
1 0.291016 0.291797 0.140234 0.114844 0.691895
1 0.291602 0.293164 0.139453 0.109766 0.805176
1 0.290234 0.294922 0.141016 0.1125 0.833008
1 0.29082 0.29375 0.141016 0.110156 0.852539
1 0.291406 0.295312 0.139063 0.113281 0.771973
1 0.291016 0.294922 0.139844 0.1125 0.836914
1 0.291016 0.292578 0.139063 0.117188 0.873535
1 0.291992 0.291602 0.137891 0.118359 0.833984
1 0.289453 0.292578 0.142188 0.120313 0.919434
1 0.290234 0.292188 0.142969 0.116797 0.815918
1 0.291016 0.296094 0.139844 0.10625 0.873535
1 0.292969 0.292383 0.136719 0.115625 0.848633
1 0.292578 0.294141 0.1375 0.111719 0.857422
1 0.289844 0.294922 0.139844 0.110938 0.795898
1 0.292578 0.291797 0.136719 0.119531 0.834961
1 0.289844 0.292969 0.139062 0.114062 0.775391
0 0.29082 0.29375 0.140234 0.114063 0.728516
0 0.291016 0.294922 0.139063 0.111719 0.76709
1 0.291406 0.296094 0.139844 0.109375 0.74707
1 0.291797 0.291016 0.139062 0.11875 0.70752
0 0.291211 0.289844 0.141016 0.122656 0.71875
1 0.291016 0.288672 0.139453 0.123438 0.542969
1 0.291797 0.290625 0.140625 0.120313 0.57373
0 0.291406 0.29043 0.142188 0.121484 0.501953
1 0.291992 0.29043 0.137891 0.118359 0.815918
1 0.290625 0.290234 0.137891 0.120313 0.890137
1 0.292383 0.288281 0.140234 0.122656 0.872559
1 0.291406 0.289453 0.138281 0.121875 0.852539
1 0.291016 0.288281 0.138281 0.119531 0.880859
1 0.292188 0.289062 0.136328 0.121875 0.871582
1 0.29043 0.294922 0.137109 0.115625 0.896484
1 0.291406 0.290625 0.140234 0.121875 0.898926
1 0.290625 0.291406 0.138281 0.119922 0.771973
1 0.290234 0.290625 0.1375 0.11875 0.861328
1 0.290625 0.290625 0.135938 0.120313 0.833496
0 0.29082 0.291992 0.138281 0.116797 0.649414
0 0.291406 0.293164 0.1375 0.116016 0.657715
1 0.290625 0.29375 0.1375 0.110156 0.571777
1 0.291602 0.294141 0.135547 0.110937 0.882324
1 0.291406 0.29082 0.138281 0.117188 0.909668
1 0.291016 0.291016 0.139063 0.117188 0.902832
1 0.291016 0.292773 0.136719 0.114453 0.913086
1 0.290234 0.293359 0.1375 0.114063 0.917969
1 0.289844 0.296094 0.139844 0.10625 0.905762
1 0.29043 0.294141 0.138672 0.110156 0.896973
1 0.290625 0.295703 0.136719 0.108594 0.898926
1 0.289844 0.29375 0.1375 0.111719 0.888672
1 0.290625 0.289844 0.1375 0.120312 0.885742
1 0.29082 0.293359 0.137891 0.114063 0.88623
1 0.290625 0.293359 0.139063 0.114844 0.865234
1 0.291602 0.293359 0.141016 0.111719 0.862305
1 0.290234 0.292969 0.140625 0.114062 0.859863
1 0.29043 0.292188 0.141016 0.117188 0.861328
1 0.290625 0.289844 0.138281 0.122656 0.890137
1 0.290625 0.290625 0.139063 0.11875 0.88623
1 0.290234 0.289844 0.1375 0.11875 0.85498
1 0.29043 0.293359 0.137109 0.115625 0.84082
1 0.29043 0.293945 0.139063 0.111328 0.875
1 0.290625 0.294531 0.138281 0.1125 0.908691
1 0.291406 0.292383 0.1375 0.115234 0.915527
1 0.29082 0.29082 0.137109 0.116406 0.888672
1 0.29082 0.292188 0.137109 0.115625 0.833496
1 0.291016 0.291797 0.136719 0.115625 0.830078
1 0.291016 0.293359 0.136719 0.111719 0.85498
1 0.291211 0.295703 0.137109 0.107812 0.891602
1 0.291016 0.294727 0.136719 0.110547 0.877441
1 0.29043 0.292969 0.137109 0.113672 0.809082
1 0.290234 0.294141 0.138281 0.113281 0.869629
1 0.290234 0.29375 0.1375 0.113281 0.893066
1 0.290234 0.29375 0.1375 0.111719 0.926758
1 0.290234 0.29375 0.138281 0.1125 0.936035
1 0.290234 0.291992 0.137891 0.116797 0.92627
1 0.289844 0.292188 0.1375 0.114844 0.924805
1 0.289844 0.293359 0.1375 0.111719 0.885742
1 0.290234 0.294141 0.138281 0.110937 0.858887
1 0.290234 0.29375 0.1375 0.110156 0.855957
1 0.290625 0.292773 0.136719 0.112891 0.841797
1 0.290625 0.292578 0.1375 0.116406 0.777344
1 0.290625 0.292578 0.137109 0.114453 0.819824
1 0.290625 0.292188 0.1375 0.111719 0.876465
1 0.291016 0.292578 0.1375 0.113281 0.881836
1 0.291016 0.292578 0.136719 0.114063 0.895508
1 0.291016 0.292578 0.136719 0.114063 0.905273
1 0.290625 0.292578 0.1375 0.1125 0.912598
1 0.290234 0.292969 0.1375 0.113281 0.912598
1 0.29043 0.292578 0.1375 0.114063 0.892578
1 0.290625 0.292969 0.1375 0.114062 0.899902
1 0.290625 0.292969 0.138281 0.113281 0.905762
1 0.290625 0.292578 0.138281 0.114063 0.904785
1 0.291211 0.291797 0.138281 0.116016 0.911133
1 0.291602 0.291992 0.138281 0.116406 0.911621
1 0.291797 0.292969 0.139062 0.115625 0.913086
1 0.291406 0.292969 0.139844 0.114844 0.90918
1 0.291016 0.293359 0.139063 0.114063 0.908203
1 0.291016 0.292969 0.138281 0.114062 0.909668
1 0.291016 0.292578 0.137891 0.114453 0.913086
1 0.291016 0.292188 0.1375 0.114844 0.916016
1 0.291016 0.291992 0.1375 0.115234 0.916504
1 0.291016 0.292188 0.1375 0.114844 0.917969
1 0.291016 0.292188 0.137891 0.114063 0.920898
1 0.290625 0.289844 0.138281 0.122656 0.890137
