0 0.513281 0.303906 0.114062 0.123437 0.583984
0 0.510938 0.304883 0.10625 0.121484 0.787109
1 0.510938 0.304883 0.10625 0.121484 0.786133
0 0.512109 0.305273 0.110938 0.121484 0.729492
1 0.513281 0.303906 0.110938 0.121094 0.570801
0 0.512109 0.303516 0.111719 0.119531 0.747559
1 0.512109 0.303516 0.111719 0.119531 0.700684
0 0.510938 0.304883 0.114063 0.117969 0.884277
1 0.510938 0.304883 0.114063 0.117969 0.862305
1 0.508594 0.301562 0.115625 0.122656 0.82373
0 0.508594 0.301562 0.115625 0.122656 0.682617
0 0.512109 0.300391 0.107813 0.120313 0.587891
1 0.511328 0.300781 0.109375 0.121875 0.578613
0 0.510938 0.302344 0.114063 0.117969 0.653809
1 0.510938 0.302344 0.114063 0.117969 0.517578
1 0.509375 0.307422 0.114062 0.121094 0.513672
0 0.510156 0.304688 0.108594 0.122656 0.609375
0 0.510156 0.305469 0.109375 0.121094 0.703125
1 0.512891 0.303711 0.107031 0.119922 0.630859
0 0.512891 0.303711 0.107031 0.119922 0.59375
0 0.514063 0.304688 0.1125 0.120312 0.571777
1 0.510938 0.305469 0.114844 0.123437 0.513672
1 0.5125 0.304297 0.1125 0.120703 0.585938
0 0.511719 0.305078 0.1125 0.121094 0.584961
0 0.510156 0.305859 0.11875 0.122656 0.588867
1 0.513281 0.303711 0.114062 0.122266 0.628906
0 0.510938 0.304883 0.1125 0.119922 0.616699
1 0.511719 0.304883 0.110937 0.11875 0.514648
0 0.511719 0.304297 0.117188 0.117188 0.689453
1 0.511719 0.304297 0.117188 0.117188 0.511719
1 0.511719 0.304297 0.114063 0.122656 0.646973
1 0.510156 0.303516 0.1125 0.125 0.59375
1 0.511719 0.305078 0.1125 0.120312 0.616699
0 0.510938 0.304688 0.115625 0.116797 0.639648
1 0.508594 0.304688 0.116406 0.117969 0.583008
1 0.511719 0.302539 0.114063 0.121094 0.764648
1 0.511328 0.305664 0.111719 0.117578 0.80127
1 0.510938 0.303516 0.110938 0.120312 0.89209
1 0.510156 0.304688 0.114062 0.121875 0.778809
0 0.510156 0.303516 0.115625 0.125781 0.558105
1 0.513281 0.304297 0.114062 0.119531 0.795898
1 0.512891 0.304297 0.114844 0.119531 0.856934
1 0.511719 0.303906 0.110937 0.121094 0.818848
0 0.510156 0.302344 0.115625 0.11875 0.607422
1 0.510547 0.303516 0.110156 0.121875 0.544922
0 0.509766 0.303516 0.116406 0.119531 0.6875
1 0.510547 0.304688 0.116406 0.115625 0.811035
1 0.510156 0.301953 0.115625 0.121094 0.790527
1 0.510156 0.30293 0.109375 0.119922 0.638672
0 0.510156 0.303516 0.109375 0.120312 0.578613
0 0.511719 0.30293 0.115625 0.121094 0.616699
0 0.510156 0.30625 0.1125 0.117188 0.612305
1 0.510938 0.303125 0.110938 0.121875 0.605957
1 0.5125 0.304492 0.115625 0.118359 0.771973
1 0.510156 0.304102 0.117188 0.117578 0.722656
1 0.510156 0.30293 0.114062 0.120313 0.890137
1 0.509375 0.303906 0.114062 0.121094 0.815918
1 0.509766 0.303125 0.115625 0.119141 0.793945
0 0.511719 0.303906 0.114063 0.120703 0.644043
1 0.511719 0.305078 0.1125 0.121094 0.60498
0 0.5125 0.305469 0.115625 0.121094 0.584961
0 0.512109 0.304492 0.117969 0.119922 0.852051
0 0.510938 0.305469 0.1125 0.119141 0.958008
0 0.512109 0.304297 0.114844 0.11875 0.94873
0 0.512891 0.304688 0.114063 0.117969 0.883301
0 0.514063 0.304297 0.110938 0.117969 0.921875
1 0.510156 0.305078 0.114062 0.119531 0.788086
0 0.511719 0.304688 0.110937 0.119531 0.533203
0 0.510156 0.303906 0.1125 0.119531 0.734863
0 0.511719 0.303906 0.1125 0.115625 0.666504
0 0.5125 0.305664 0.108594 0.119141 0.779785
0 0.510938 0.305078 0.1125 0.120312 0.889648
1 0.511328 0.305469 0.110938 0.11875 0.88623
1 0.510938 0.304492 0.110938 0.119531 0.855957
1 0.508984 0.303711 0.117969 0.119141 0.897461
1 0.511328 0.303906 0.117969 0.123828 0.898438
1 0.511719 0.304492 0.115625 0.11875 0.650391
0 0.511719 0.305859 0.114063 0.117969 0.696777
1 0.511719 0.305078 0.114063 0.121094 0.606934
1 0.5125 0.305469 0.114063 0.120312 0.586914
0 0.510938 0.305469 0.114844 0.121094 0.522461
1 0.510547 0.307031 0.110156 0.117969 0.734863
1 0.509375 0.305859 0.110938 0.120703 0.740723
1 0.511719 0.305469 0.1125 0.120703 0.821777
0 0.511719 0.304297 0.110937 0.119531 0.662109
1 0.511328 0.303516 0.107812 0.121094 0.858398
0 0.514063 0.305078 0.108594 0.120312 0.725586
0 0.511719 0.303906 0.1125 0.123437 0.558105
1 0.510938 0.303906 0.114063 0.121875 0.506836
0 0.511719 0.304297 0.110937 0.122656 0.928711
1 0.509375 0.303906 0.114062 0.120313 0.926758
1 0.509375 0.303906 0.110938 0.122656 0.900391
0 0.510938 0.304883 0.110938 0.119531 0.695801
1 0.511719 0.303711 0.1125 0.123047 0.662598
0 0.511328 0.305469 0.114844 0.121094 0.60498
0 0.510156 0.305078 0.114062 0.121875 0.677246
1 0.514063 0.303906 0.1125 0.122656 0.822754
0 0.511719 0.304492 0.1125 0.119922 0.705566
1 0.514063 0.304883 0.1125 0.119531 0.557129
1 0.512891 0.305078 0.1125 0.120312 0.654785
0 0.511328 0.304883 0.114844 0.121484 0.596191
1 0.5125 0.305078 0.110938 0.119531 0.902344
1 0.5125 0.303516 0.1125 0.121875 0.656738
0 0.512109 0.305273 0.1125 0.121094 0.841309
0 0.510938 0.303516 0.1125 0.121094 0.813477
1 0.513281 0.303906 0.1125 0.119531 0.835938
1 0.511328 0.305078 0.111719 0.122656 0.689941
0 0.511719 0.305078 0.113281 0.123047 0.714844
0 0.510156 0.305859 0.114062 0.121875 0.678223
1 0.511719 0.304297 0.114063 0.121094 0.571777
0 0.510547 0.305078 0.115625 0.125 0.560059
0 0.510938 0.305469 0.114063 0.123437 0.724121
0 0.5125 0.305469 0.1125 0.123437 0.814453
1 0.511719 0.305664 0.110937 0.120703 0.73877
0 0.510156 0.304688 0.114062 0.120312 0.700195
0 0.510547 0.304492 0.1125 0.120703 0.52832
1 0.513281 0.305078 0.115625 0.11875 0.765625
0 0.510938 0.305469 0.115625 0.120312 0.50293
0 0.509375 0.305859 0.114062 0.121094 0.778809
1 0.511328 0.305273 0.111719 0.120313 0.550781
1 0.511328 0.304688 0.111719 0.11875 0.905762
0 0.510156 0.304492 0.1125 0.118359 0.702637
1 0.510938 0.304492 0.110938 0.117969 0.672363
0 0.510156 0.304688 0.114062 0.120312 0.861816
0 0.509375 0.305078 0.115625 0.120312 0.872559
1 0.511719 0.304688 0.114063 0.11875 0.814453
1 0.510156 0.304688 0.1125 0.119531 0.88916
1 0.510547 0.304688 0.116406 0.122266 0.88623
0 0.511719 0.305469 0.114063 0.121484 0.744141
1 0.510938 0.305273 0.110938 0.119922 0.748535
1 0.512891 0.303516 0.1125 0.121094 0.721191
1 0.512109 0.305664 0.111719 0.119141 0.664551
1 0.512109 0.304688 0.1125 0.11875 0.889648
1 0.5125 0.305664 0.1125 0.119922 0.878418
1 0.511719 0.305078 0.114063 0.121875 0.933105
1 0.5125 0.304688 0.114063 0.123438 0.936523
1 0.510938 0.30625 0.110938 0.121484 0.902832
1 0.511328 0.306055 0.1125 0.120703 0.918457
1 0.512109 0.304688 0.110156 0.121875 0.706543
0 0.510938 0.304688 0.1125 0.122266 0.834961
0 0.510938 0.304297 0.114063 0.123438 0.827148
0 0.510938 0.305078 0.114063 0.123438 0.575684
1 0.509375 0.303906 0.1125 0.121484 0.790527
1 0.510156 0.304492 0.1125 0.120703 0.666992
1 0.511328 0.305469 0.110156 0.120312 0.929199
1 0.511328 0.305078 0.110938 0.121094 0.912598
1 0.510547 0.305273 0.114063 0.119141 0.891113
0 0.510938 0.304688 0.114063 0.121875 0.782227
0 0.511328 0.305664 0.111719 0.120703 0.797363
1 0.510938 0.305664 0.110938 0.119141 0.819824
0 0.510938 0.305469 0.1125 0.121094 0.520508
0 0.511719 0.304688 0.1125 0.122266 0.710449
1 0.511328 0.304297 0.110938 0.120313 0.666992
0 0.511719 0.304883 0.111719 0.120313 0.76416
0 0.511328 0.303906 0.113281 0.121875 0.820312
1 0.511719 0.304492 0.1125 0.119141 0.863281
1 0.510938 0.305469 0.1125 0.11875 0.839844
0 0.510938 0.306055 0.115625 0.119141 0.565918
1 0.511328 0.305664 0.111719 0.119922 0.562988
1 0.511719 0.305664 0.1125 0.119141 0.9375
0 0.511719 0.305078 0.1125 0.120312 0.816895
0 0.5125 0.305859 0.1125 0.121094 0.859375
1 0.511328 0.304297 0.1125 0.121094 0.729492
1 0.510938 0.305078 0.1125 0.121094 0.740723
0 0.5125 0.304688 0.1125 0.121094 0.809082
0 0.511719 0.304297 0.1125 0.119531 0.89502
0 0.511328 0.305078 0.114062 0.121875 0.870605
0 0.511328 0.305469 0.114062 0.121094 0.656738
1 0.511719 0.304883 0.1125 0.120313 0.742188
1 0.511328 0.305469 0.114062 0.119531 0.893066
1 0.510547 0.305859 0.113281 0.120313 0.842773
0 0.510156 0.305469 0.1125 0.121875 0.757812
1 0.510156 0.305469 0.1125 0.121484 0.589844
0 0.510156 0.305859 0.114062 0.121094 0.503906
1 0.510547 0.305078 0.111719 0.120312 0.861328
1 0.510938 0.304297 0.1125 0.121094 0.9375
1 0.511328 0.305078 0.113281 0.120312 0.935059
1 0.510938 0.304688 0.1125 0.121094 0.803223
1 0.510547 0.304688 0.110156 0.120312 0.782227
0 0.510547 0.304883 0.110938 0.120703 0.708008
1 0.511719 0.305469 0.110937 0.120312 0.651367
0 0.511719 0.305469 0.1125 0.121094 0.561035
1 0.511719 0.305078 0.110937 0.119531 0.819824
1 0.511328 0.305078 0.110156 0.119531 0.818848
1 0.511328 0.304688 0.110938 0.121094 0.676758
0 0.511328 0.304688 0.111719 0.121875 0.649414
0 0.510938 0.304688 0.1125 0.121094 0.724121
1 0.510938 0.304688 0.1125 0.121094 0.541016
0 0.510547 0.304688 0.113281 0.119531 0.70752
0 0.510938 0.304688 0.114063 0.120312 0.607422
1 0.510938 0.304883 0.1125 0.119922 0.577637
1 0.510938 0.305078 0.110938 0.120312 0.855957
1 0.510547 0.304883 0.111719 0.120313 0.917969
1 0.510156 0.304883 0.1125 0.119141 0.921387
1 0.510547 0.304688 0.111719 0.119531 0.884277
1 0.510938 0.305078 0.1125 0.121094 0.699219
0 0.510938 0.305078 0.1125 0.120312 0.569824
1 0.510938 0.304883 0.110938 0.119922 0.723145
0 0.511328 0.305078 0.1125 0.120312 0.544922
1 0.510547 0.305078 0.111719 0.119531 0.880859
1 0.510938 0.304688 0.1125 0.120312 0.900391
1 0.510938 0.304688 0.1125 0.121094 0.908691
1 0.510938 0.304688 0.111719 0.121094 0.933105
1 0.510938 0.304688 0.111719 0.120312 0.939453
1 0.510547 0.304688 0.1125 0.120703 0.9375
1 0.510156 0.304688 0.111719 0.120312 0.9375
1 0.510156 0.304883 0.110938 0.119922 0.939941
1 0.510156 0.304883 0.110938 0.119922 0.939941
1 0.510938 0.304883 0.110938 0.119922 0.939941
1 0.510938 0.304883 0.110938 0.119922 0.939453
1 0.510938 0.304883 0.110938 0.119922 0.942383
1 0.510938 0.304883 0.110938 0.119922 0.946289
1 0.511328 0.305664 0.111719 0.119922 0.564941
