0 0.550781 0.565234 0.242188 0.15625 0.612305
0 0.554688 0.567578 0.248437 0.157031 0.647949
0 0.557031 0.558203 0.242969 0.171094 0.602051
0 0.557422 0.567187 0.23125 0.153125 0.668945
0 0.557422 0.564844 0.244531 0.159375 0.546875
0 0.557031 0.564453 0.245312 0.160156 0.635254
0 0.561719 0.561719 0.228125 0.157813 0.710449
0 0.554688 0.565625 0.246094 0.165625 0.703125
0 0.499219 0.511719 0.034375 0.0359375 0.570801
0 0.565625 0.565625 0.23125 0.157813 0.570801
0 0.563672 0.566406 0.222656 0.161719 0.686035
0 0.564844 0.567188 0.221875 0.159375 0.665527
0 0.567578 0.564062 0.225 0.154687 0.633301
0 0.569922 0.563281 0.222656 0.159375 0.694336
0 0.570312 0.565625 0.220312 0.15625 0.751953
0 0.571094 0.56875 0.221875 0.154688 0.70166
0 0.569141 0.565625 0.228906 0.160938 0.602051
0 0.565625 0.567969 0.232813 0.164063 0.666992
1 0.563281 0.566406 0.215625 0.160938 0.532227
1 0.567969 0.564062 0.2375 0.1625 0.726562
1 0.564453 0.5625 0.244531 0.15625 0.666992
0 0.554688 0.563672 0.260938 0.158594 0.563965
1 0.55625 0.564453 0.257813 0.157812 0.561035
0 0.558594 0.562891 0.240625 0.160156 0.571777
1 0.555859 0.562109 0.25 0.160937 0.519531
0 0.5625 0.563281 0.234375 0.157813 0.727051
0 0.566406 0.563281 0.226562 0.157813 0.889648
1 0.553125 0.564062 0.259375 0.160937 0.584961
1 0.564063 0.564062 0.234375 0.159375 0.577637
0 0.5625 0.562109 0.242188 0.161719 0.733398
0 0.566797 0.564063 0.233594 0.157813 0.887695
0 0.557422 0.564844 0.242969 0.157813 0.525391
0 0.558984 0.564844 0.2375 0.159375 0.523438
0 0.561719 0.564844 0.226562 0.160937 0.601074
0 0.557813 0.565625 0.242188 0.1625 0.807617
0 0.563281 0.562109 0.226562 0.160156 0.778809
0 0.559375 0.561719 0.245313 0.164062 0.79248
0 0.561719 0.5625 0.242188 0.165625 0.712891
0 0.562109 0.562891 0.239844 0.163281 0.810547
0 0.560547 0.564063 0.244531 0.164063 0.548828
0 0.564844 0.566406 0.23125 0.164062 0.584961
0 0.559375 0.567187 0.2375 0.160938 0.689453
0 0.560156 0.563281 0.24375 0.15625 0.57373
1 0.556641 0.563672 0.232031 0.155469 0.537109
0 0.551172 0.5625 0.253906 0.160938 0.79834
0 0.554297 0.563281 0.246094 0.164062 0.724121
0 0.555469 0.561719 0.246875 0.164062 0.833496
0 0.557813 0.561328 0.245312 0.157813 0.854004
0 0.560156 0.563281 0.239062 0.161719 0.672363
0 0.5625 0.564063 0.232812 0.15625 0.837402
0 0.557031 0.563672 0.245312 0.153125 0.900391
0 0.559375 0.564453 0.2375 0.15625 0.845215
0 0.498828 0.511719 0.0335937 0.0382813 0.570801
0 0.561719 0.564844 0.235938 0.157813 0.772461
0 0.55625 0.564844 0.234375 0.157813 0.858398
0 0.55625 0.563672 0.235938 0.160156 0.845215
0 0.557031 0.565625 0.232031 0.160938 0.692871
0 0.561719 0.565625 0.232813 0.157031 0.833984
0 0.561719 0.565625 0.242188 0.164062 0.859375
0 0.561328 0.565625 0.245313 0.164844 0.927734
0 0.55625 0.565625 0.242188 0.164062 0.915039
0 0.564844 0.564844 0.234375 0.159375 0.896484
1 0.5625 0.564453 0.233594 0.157812 0.676758
1 0.560938 0.564063 0.23125 0.157813 0.506836
0 0.560156 0.566016 0.242188 0.157031 0.86377
0 0.560156 0.563672 0.2375 0.163281 0.815918
0 0.557813 0.564453 0.241406 0.160156 0.696777
0 0.499219 0.510156 0.0375 0.034375 0.583984
0 0.55625 0.561328 0.246875 0.160938 0.794922
0 0.497656 0.510938 0.0359375 0.0359375 0.536133
0 0.558594 0.562891 0.24375 0.160156 0.936523
0 0.557031 0.564063 0.242969 0.157813 0.904785
1 0.55 0.563281 0.229687 0.157031 0.553711
1 0.557813 0.561719 0.242188 0.159375 0.773926
0 0.558594 0.5625 0.242188 0.157812 0.861816
0 0.558594 0.563281 0.240625 0.154687 0.911621
0 0.558203 0.564062 0.242969 0.154687 0.903809
0 0.560938 0.564062 0.240625 0.154687 0.821777
0 0.55625 0.564062 0.246875 0.158594 0.550781
0 0.559766 0.563281 0.242969 0.15625 0.619629
0 0.564844 0.564453 0.229687 0.155469 0.743164
0 0.564063 0.564453 0.235938 0.155469 0.736328
0 0.559766 0.565625 0.241406 0.157813 0.821777
0 0.558984 0.565625 0.229687 0.157813 0.901367
0 0.558984 0.567188 0.234375 0.159375 0.869141
0 0.558594 0.566406 0.23125 0.157812 0.858398
0 0.555469 0.565625 0.235938 0.154688 0.747559
0 0.555469 0.565625 0.242187 0.157813 0.751953
0 0.557813 0.564844 0.25 0.157813 0.692871
0 0.555078 0.565234 0.251563 0.160156 0.595703
0 0.554688 0.565625 0.251562 0.1625 0.526367
0 0.553125 0.563281 0.249219 0.157813 0.853516
0 0.560547 0.564844 0.245313 0.160937 0.807617
0 0.560938 0.566406 0.234375 0.159375 0.733887
0 0.565234 0.566797 0.225781 0.157813 0.524414
0 0.565625 0.566797 0.221875 0.158594 0.510742
0 0.563281 0.567188 0.223438 0.159375 0.726562
0 0.564062 0.567188 0.225 0.159375 0.861816
0 0.560156 0.566406 0.228125 0.15625 0.915039
0 0.556641 0.566797 0.236719 0.15625 0.859375
0 0.559375 0.564844 0.242187 0.157813 0.900391
0 0.558203 0.565234 0.242188 0.158594 0.900879
1 0.55625 0.564453 0.239062 0.158594 0.662109
1 0.556641 0.564844 0.238281 0.159375 0.663574
1 0.555859 0.564844 0.241406 0.159375 0.662109
0 0.558594 0.567188 0.242188 0.161719 0.845215
0 0.557031 0.56875 0.239062 0.160937 0.919922
0 0.558594 0.567969 0.240625 0.160937 0.894531
0 0.558203 0.565625 0.240625 0.160938 0.862793
0 0.554688 0.564062 0.242188 0.160937 0.864746
0 0.557031 0.564062 0.239062 0.160937 0.902344
0 0.560547 0.564844 0.233594 0.159375 0.900391
0 0.558594 0.564453 0.2375 0.15625 0.844238
0 0.554688 0.564844 0.245313 0.15625 0.806152
0 0.557813 0.564844 0.239063 0.157813 0.693359
1 0.560156 0.5625 0.232812 0.1625 0.556641
0 0.560938 0.566406 0.232813 0.160938 0.500977
1 0.560156 0.563281 0.235938 0.159375 0.684082
0 0.560547 0.565234 0.235156 0.157031 0.806152
0 0.560156 0.566016 0.234375 0.157031 0.849609
0 0.559375 0.565625 0.235938 0.15625 0.772461
1 0.558203 0.564844 0.239844 0.159375 0.680176
0 0.564063 0.564844 0.228125 0.15625 0.71875
1 0.560938 0.564062 0.235938 0.159375 0.705078
0 0.564063 0.564844 0.226563 0.155469 0.814453
0 0.561719 0.566016 0.23125 0.158594 0.881348
0 0.563281 0.566406 0.229688 0.159375 0.803711
0 0.560938 0.566797 0.23125 0.160156 0.824219
0 0.560156 0.566406 0.234375 0.158594 0.861328
0 0.560938 0.565625 0.234375 0.157813 0.82666
1 0.559375 0.564844 0.235938 0.15625 0.874023
0 0.5625 0.564844 0.230469 0.157813 0.833984
0 0.563281 0.566406 0.229688 0.159375 0.830566
0 0.563281 0.566016 0.229688 0.159375 0.793945
0 0.564063 0.566797 0.228125 0.160156 0.823242
0 0.5625 0.566406 0.23125 0.159375 0.889648
0 0.561719 0.566016 0.232813 0.157031 0.911133
0 0.560938 0.567188 0.232813 0.159375 0.918945
0 0.562109 0.567187 0.228125 0.160156 0.899902
0 0.562109 0.565625 0.229688 0.157813 0.879883
0 0.563281 0.564844 0.228125 0.157813 0.879883
0 0.561328 0.565625 0.232031 0.159375 0.871582
0 0.560156 0.566406 0.234375 0.159375 0.883301
0 0.558594 0.566406 0.239063 0.159375 0.882324
0 0.558984 0.566406 0.2375 0.158594 0.88623
0 0.557422 0.565625 0.239844 0.158594 0.895508
0 0.557031 0.566406 0.241406 0.159375 0.901855
0 0.556641 0.567187 0.238281 0.160938 0.911621
0 0.557813 0.565625 0.240625 0.157813 0.897461
0 0.556641 0.566406 0.239844 0.159375 0.902832
0 0.55625 0.567187 0.245313 0.160938 0.901855
0 0.55625 0.566797 0.245313 0.160156 0.918457
0 0.557422 0.566797 0.242187 0.160156 0.925293
0 0.558594 0.567187 0.2375 0.1625 0.929199
0 0.558594 0.567187 0.2375 0.160938 0.92627
0 0.558594 0.566016 0.240625 0.158594 0.915039
0 0.559375 0.566406 0.239063 0.159375 0.90332
0 0.559766 0.565625 0.238281 0.159375 0.891602
0 0.560156 0.566797 0.235938 0.160156 0.891602
0 0.559375 0.566406 0.2375 0.159375 0.906738
0 0.558594 0.566797 0.239063 0.159375 0.920898
0 0.557813 0.566797 0.242188 0.159375 0.918945
0 0.557031 0.566797 0.24375 0.159375 0.911133
0 0.55625 0.566406 0.245313 0.159375 0.894043
0 0.554688 0.565625 0.245313 0.157813 0.885742
0 0.55625 0.565625 0.24375 0.159375 0.884766
0 0.557031 0.566016 0.240625 0.159375 0.885742
0 0.557031 0.566406 0.2375 0.159375 0.879883
0 0.55625 0.566016 0.239844 0.159375 0.879883
0 0.55625 0.566016 0.239062 0.158594 0.881836
0 0.557031 0.566016 0.239062 0.158594 0.879883
0 0.558594 0.567187 0.2375 0.160156 0.881836
0 0.557813 0.566406 0.239063 0.159375 0.879883
0 0.556641 0.564844 0.239844 0.158594 0.877441
0 0.556641 0.564844 0.239844 0.158594 0.878418
0 0.556641 0.564844 0.239844 0.157813 0.875977
0 0.560938 0.565625 0.234375 0.157813 0.82666
