1 0.386328 0.66875 0.0820312 0.0867187 0.587891
0 0.386328 0.66875 0.0820312 0.0867187 0.572754
1 0.381152 0.665234 0.0845703 0.0867188 0.505859
0 0.386328 0.661719 0.0859375 0.084375 0.582031
0 0.383203 0.6625 0.084375 0.0890625 0.601074
0 0.384473 0.664453 0.0826172 0.0898438 0.504883
0 0.384473 0.664062 0.0873047 0.0859375 0.519531
1 0.383984 0.654688 0.0851563 0.107813 0.594727
1 0.385547 0.654688 0.0851562 0.104688 0.507812
1 0.385547 0.651172 0.0820312 0.0992188 0.500977
1 0.384766 0.672656 0.0820312 0.0953125 0.581543
0 0.383203 0.665625 0.0828125 0.0984375 0.867188
0 0.383594 0.669531 0.0835938 0.0890625 0.551758
0 0.381934 0.653516 0.0798828 0.103906 0.618652
0 0.384766 0.649219 0.0882812 0.0976562 0.619629
0 0.384375 0.661719 0.084375 0.0773438 0.630859
1 0.384375 0.65625 0.0828125 0.105469 0.745605
0 0.384766 0.666016 0.0835938 0.0875 0.535156
0 0.385156 0.651563 0.0820312 0.100781 0.788574
0 0.532813 0.667188 0.09375 0.06875 0.587891
0 0.385059 0.653906 0.0814453 0.104688 0.678223
0 0.383496 0.655859 0.0814453 0.103906 0.852051
0 0.382812 0.655469 0.0820312 0.104687 0.805664
0 0.383496 0.655469 0.0830078 0.0992187 0.614258
0 0.384277 0.653516 0.0830078 0.100781 0.681641
1 0.382812 0.65625 0.0875 0.108594 0.724121
1 0.384766 0.654688 0.0835938 0.10625 0.769043
1 0.383984 0.654688 0.0820312 0.109375 0.740234
0 0.385254 0.657422 0.0826172 0.103906 0.700684
0 0.385254 0.65625 0.0873047 0.103125 0.725098
0 0.385938 0.651953 0.0820312 0.101562 0.596191
0 0.38291 0.653516 0.0841797 0.105469 0.57666
1 0.383496 0.654688 0.0814453 0.107813 0.510742
0 0.383594 0.65625 0.0835938 0.108594 0.668945
1 0.382812 0.655078 0.084375 0.10625 0.552734
0 0.385156 0.65625 0.0828125 0.10625 0.633301
0 0.383594 0.657031 0.084375 0.107812 0.599121
0 0.383594 0.658203 0.0828125 0.113281 0.612305
1 0.384375 0.657812 0.0835937 0.110938 0.583008
1 0.384766 0.657422 0.0820312 0.1125 0.67041
1 0.384277 0.655469 0.0814453 0.110937 0.648926
1 0.385938 0.656641 0.0820312 0.105469 0.645996
1 0.38584 0.65625 0.0845703 0.10625 0.704102
1 0.385938 0.657812 0.0828125 0.1125 0.559082
0 0.385156 0.666406 0.0828125 0.08125 0.643555
1 0.386816 0.65625 0.0841797 0.107813 0.57373
1 0.386719 0.652344 0.08125 0.1 0.714844
1 0.385156 0.651563 0.08125 0.101562 0.596191
0 0.386035 0.653906 0.0794922 0.1 0.539062
1 0.385938 0.655078 0.0804687 0.1125 0.651367
1 0.384375 0.658594 0.08125 0.114062 0.791016
1 0.384375 0.657812 0.0828125 0.110938 0.8125
1 0.385156 0.656641 0.0789063 0.108594 0.800293
1 0.384766 0.655078 0.0804687 0.109375 0.811035
1 0.383984 0.655859 0.0804687 0.107031 0.764648
1 0.385547 0.655469 0.0804687 0.10625 0.723145
1 0.383984 0.655469 0.0835938 0.108594 0.760742
0 0.384277 0.654688 0.0814453 0.107031 0.623535
1 0.384375 0.657813 0.0820312 0.109375 0.669922
1 0.384766 0.657031 0.0828125 0.114062 0.769531
1 0.384375 0.657031 0.0851563 0.1125 0.798828
1 0.383203 0.655469 0.0851562 0.109375 0.711426
1 0.384766 0.655469 0.084375 0.110937 0.754883
1 0.383496 0.654688 0.0830078 0.107813 0.78125
1 0.384277 0.655469 0.0845703 0.109375 0.562988
1 0.383496 0.65625 0.0845703 0.109375 0.510742
1 0.382812 0.658203 0.0835938 0.110937 0.772461
1 0.38291 0.658594 0.0826172 0.1125 0.78418
1 0.382422 0.658594 0.084375 0.113281 0.628906
0 0.38291 0.659375 0.0857422 0.117188 0.557129
0 0.383203 0.659375 0.0851562 0.114844 0.662109
1 0.382812 0.659375 0.0859375 0.1125 0.740234
1 0.384277 0.658594 0.0861328 0.113281 0.825195
1 0.383496 0.660156 0.0845703 0.114062 0.782227
1 0.383203 0.659375 0.0835938 0.114063 0.578613
1 0.384766 0.657812 0.0835938 0.110938 0.769043
1 0.383984 0.655469 0.084375 0.107813 0.839844
1 0.384766 0.653906 0.0851563 0.107812 0.848145
1 0.383984 0.65625 0.0828125 0.10625 0.862305
1 0.383594 0.65625 0.0851562 0.107031 0.878906
1 0.383691 0.657031 0.0841797 0.109375 0.868652
1 0.383984 0.657813 0.0835938 0.109375 0.854004
1 0.384375 0.658984 0.0835937 0.110156 0.816406
1 0.385547 0.660156 0.08125 0.110937 0.803223
1 0.384766 0.657031 0.0828125 0.1125 0.856934
1 0.385156 0.659766 0.084375 0.110938 0.852051
1 0.385547 0.659375 0.0820312 0.113281 0.776855
1 0.384766 0.659766 0.0804687 0.117188 0.741699
1 0.384277 0.660938 0.0814453 0.11875 0.780762
1 0.385938 0.660937 0.08125 0.117188 0.773438
1 0.386035 0.661328 0.0810547 0.116406 0.81543
1 0.385254 0.660156 0.0841797 0.117188 0.854004
1 0.385547 0.658984 0.0835938 0.117188 0.81543
1 0.385156 0.660156 0.0835938 0.115625 0.766113
1 0.384375 0.658594 0.0835937 0.11875 0.715332
1 0.383984 0.658203 0.0828125 0.115625 0.684082
1 0.384766 0.657812 0.0828125 0.110938 0.720215
1 0.386328 0.65625 0.0835937 0.110937 0.739258
1 0.386816 0.657031 0.0810547 0.114062 0.729492
1 0.385254 0.658594 0.0826172 0.117188 0.687012
1 0.385254 0.654688 0.0810547 0.10625 0.628906
0 0.384473 0.654688 0.0826172 0.10625 0.653809
1 0.385059 0.652734 0.0830078 0.103906 0.641602
0 0.384375 0.653906 0.0820312 0.104688 0.616211
1 0.385156 0.654688 0.0820312 0.10625 0.588867
0 0.385254 0.654688 0.0826172 0.10625 0.683594
1 0.38584 0.654297 0.0814453 0.107031 0.561035
1 0.385547 0.653906 0.0828125 0.10625 0.680176
0 0.384277 0.654297 0.0830078 0.108594 0.562988
1 0.385547 0.655469 0.0835938 0.107813 0.675781
1 0.384766 0.655859 0.0820312 0.109375 0.673828
1 0.384375 0.655469 0.08125 0.107813 0.748535
1 0.384766 0.655469 0.0804687 0.107813 0.770996
1 0.385547 0.655469 0.08125 0.109375 0.744141
1 0.385156 0.654297 0.0820312 0.108594 0.699219
1 0.385254 0.654297 0.0826172 0.107031 0.749023
1 0.385254 0.653906 0.0810547 0.107812 0.756836
1 0.385156 0.653125 0.08125 0.107031 0.759766
1 0.385547 0.654688 0.0820312 0.109375 0.76709
1 0.386328 0.654688 0.0828125 0.110937 0.71875
1 0.386328 0.654297 0.0828125 0.110156 0.698242
1 0.385547 0.655469 0.0828125 0.110156 0.620605
1 0.385547 0.657031 0.0835938 0.111719 0.690918
1 0.385254 0.65625 0.0826172 0.110156 0.751953
1 0.385156 0.65625 0.0820312 0.110937 0.774414
1 0.386035 0.657031 0.0826172 0.113281 0.74707
1 0.385156 0.655469 0.0828125 0.110937 0.754883
1 0.384766 0.653516 0.0828125 0.10625 0.771973
1 0.385156 0.653906 0.0828125 0.107812 0.76123
1 0.385059 0.653906 0.0814453 0.109375 0.746094
1 0.385938 0.653906 0.08125 0.107812 0.71875
1 0.385547 0.653125 0.08125 0.10625 0.698242
1 0.385938 0.653906 0.08125 0.10625 0.730957
1 0.385938 0.654688 0.08125 0.109375 0.732422
1 0.385547 0.655469 0.08125 0.109375 0.716309
1 0.384277 0.655469 0.0814453 0.110156 0.75293
1 0.384375 0.655469 0.08125 0.110937 0.777344
1 0.384766 0.655469 0.08125 0.110937 0.827637
1 0.385156 0.655078 0.0804687 0.110156 0.816406
1 0.385156 0.655078 0.08125 0.108594 0.790527
1 0.385156 0.654688 0.08125 0.108594 0.783203
1 0.385156 0.654688 0.08125 0.109375 0.778809
1 0.385547 0.655078 0.08125 0.109375 0.771973
1 0.38584 0.655469 0.0814453 0.110156 0.773438
1 0.385938 0.655469 0.08125 0.109375 0.76709
1 0.385938 0.655078 0.0820312 0.110156 0.757812
1 0.385938 0.655078 0.0820312 0.110156 0.742188
1 0.385938 0.655859 0.08125 0.110938 0.744629
1 0.386816 0.656641 0.0810547 0.113281 0.729492
