0 0.603125 0.5625 0.128125 0.0890625 0.592773
1 0.601953 0.559375 0.129687 0.0898438 0.543945
0 0.60625 0.5625 0.132812 0.0953125 0.596191
0 0.605469 0.566406 0.128125 0.084375 0.572754
1 0.605469 0.566406 0.128125 0.084375 0.510742
0 0.606641 0.566016 0.135156 0.0835938 0.596191
0 0.60625 0.561328 0.126563 0.0921875 0.712402
0 0.606641 0.559375 0.125781 0.096875 0.628906
0 0.605469 0.561719 0.129687 0.0914062 0.567871
1 0.606641 0.561719 0.128906 0.0828125 0.555664
0 0.607031 0.566016 0.132812 0.0875 0.57373
0 0.605469 0.565625 0.13125 0.0796875 0.716797
0 0.605469 0.566016 0.128125 0.0835938 0.824219
0 0.603125 0.565625 0.13125 0.0875 0.677246
1 0.605469 0.560547 0.127344 0.0945312 0.537109
1 0.60625 0.567969 0.135938 0.0796875 0.816406
1 0.60625 0.564453 0.134375 0.084375 0.773438
1 0.653906 0.734375 0.165625 0.1375 0.532227
1 0.60625 0.565625 0.134375 0.0875 0.726562
1 0.604297 0.566406 0.136719 0.0851563 0.678223
0 0.603516 0.567188 0.136719 0.0828125 0.681641
0 0.605469 0.565234 0.128125 0.0882812 0.858887
1 0.604297 0.565625 0.133594 0.0734375 0.683594
1 0.605078 0.564844 0.13125 0.0867187 0.618652
1 0.605469 0.564062 0.124219 0.0828125 0.501953
0 0.607031 0.5625 0.13125 0.084375 0.779785
0 0.60625 0.565625 0.129687 0.08125 0.890625
0 0.603906 0.561719 0.128125 0.0882813 0.774414
1 0.603906 0.564844 0.132812 0.0765625 0.726562
1 0.605859 0.561328 0.130469 0.0867187 0.539062
0 0.607031 0.564063 0.129687 0.0859375 0.643555
0 0.606641 0.564062 0.127344 0.084375 0.766113
0 0.608594 0.561719 0.128125 0.0890625 0.865234
0 0.607031 0.561328 0.128125 0.0890625 0.848145
0 0.607813 0.564062 0.125 0.08125 0.901367
1 0.604688 0.567188 0.129688 0.0875 0.513672
0 0.605078 0.558594 0.125781 0.0992187 0.711426
0 0.607422 0.564453 0.125 0.0789062 0.749023
0 0.607813 0.567188 0.121875 0.0828125 0.744629
0 0.605469 0.565625 0.127344 0.0828125 0.678223
0 0.607813 0.567188 0.125 0.0789062 0.619629
0 0.607031 0.566406 0.125781 0.0765625 0.715332
0 0.607813 0.566797 0.126562 0.0742188 0.644043
1 0.60625 0.565234 0.126563 0.0835938 0.526367
0 0.607422 0.563672 0.123438 0.0835937 0.702637
0 0.60625 0.5625 0.128125 0.0859375 0.799316
0 0.607031 0.560938 0.123437 0.0890625 0.76416
0 0.60625 0.560547 0.125 0.0914062 0.754883
0 0.605078 0.563672 0.126563 0.0882813 0.794434
0 0.605859 0.558594 0.126562 0.096875 0.777344
0 0.60625 0.560156 0.128125 0.0953125 0.8125
0 0.60625 0.5625 0.128906 0.0890625 0.912109
0 0.603906 0.557031 0.128125 0.09375 0.834961
0 0.607031 0.560156 0.126563 0.09375 0.890625
0 0.604688 0.564062 0.13125 0.0890625 0.774414
0 0.60625 0.564062 0.126563 0.0875 0.895996
0 0.605469 0.565234 0.126562 0.0835938 0.770508
0 0.604297 0.565625 0.125781 0.0828125 0.778809
0 0.603906 0.565625 0.128125 0.08125 0.886719
0 0.603906 0.564063 0.129687 0.0859375 0.912109
0 0.60625 0.565625 0.128125 0.0820312 0.910645
0 0.605469 0.560156 0.126562 0.0890625 0.87793
0 0.605078 0.560156 0.127344 0.0921875 0.887695
0 0.607813 0.563281 0.129687 0.0828125 0.897461
0 0.60625 0.561719 0.129687 0.0859375 0.754883
0 0.605859 0.563281 0.127344 0.0859375 0.67334
0 0.603906 0.562891 0.13125 0.090625 0.853516
0 0.604688 0.564453 0.13125 0.0796875 0.883789
0 0.606641 0.560938 0.13125 0.0859375 0.830566
0 0.609375 0.561719 0.128125 0.084375 0.849609
0 0.606641 0.565625 0.130469 0.0796875 0.873535
0 0.607031 0.5625 0.128906 0.08125 0.883789
0 0.607813 0.564062 0.125 0.08125 0.858398
0 0.60625 0.563281 0.129687 0.084375 0.861816
0 0.604688 0.562891 0.127344 0.0835937 0.819336
0 0.607031 0.560156 0.125 0.0875 0.838379
0 0.605859 0.5625 0.127344 0.0890625 0.828613
0 0.60625 0.561719 0.126563 0.0890625 0.872559
1 0.60625 0.565234 0.125 0.0851563 0.770996
0 0.605469 0.562891 0.128125 0.0851563 0.615234
1 0.607031 0.564062 0.123437 0.0875 0.595703
0 0.607813 0.564062 0.132812 0.0796875 0.815918
0 0.605469 0.564844 0.126562 0.084375 0.836914
0 0.607031 0.564453 0.126563 0.0859375 0.657715
0 0.60625 0.564844 0.125 0.0828125 0.862793
0 0.607031 0.564453 0.125 0.0851563 0.872559
0 0.607031 0.563672 0.125 0.0867188 0.878906
0 0.607031 0.5625 0.126563 0.084375 0.859375
0 0.607422 0.564062 0.125781 0.08125 0.840332
0 0.605859 0.566406 0.126562 0.0796875 0.844238
0 0.607031 0.566797 0.126563 0.0804688 0.847656
0 0.607031 0.565625 0.126563 0.078125 0.900391
0 0.60625 0.566406 0.128125 0.078125 0.872559
0 0.608203 0.562109 0.128906 0.0898438 0.848633
0 0.607031 0.566406 0.128906 0.084375 0.845215
0 0.605078 0.567188 0.133594 0.08125 0.825195
0 0.607813 0.566406 0.129687 0.0828125 0.843262
1 0.60625 0.566406 0.128125 0.0859375 0.580566
0 0.60625 0.566016 0.132812 0.0851563 0.565918
0 0.607813 0.562109 0.129687 0.0921875 0.762695
0 0.60625 0.5625 0.123437 0.0890625 0.76416
0 0.607031 0.560156 0.126563 0.0890625 0.666992
0 0.607031 0.559375 0.125781 0.0953125 0.717773
0 0.606641 0.560547 0.125781 0.0898438 0.86377
0 0.607031 0.560938 0.128125 0.0875 0.878906
0 0.607813 0.562109 0.127344 0.0890625 0.876953
0 0.607422 0.561719 0.129687 0.0921875 0.851562
1 0.607813 0.561719 0.128125 0.0914062 0.691895
0 0.607031 0.561719 0.129687 0.0921875 0.601074
1 0.608594 0.563281 0.126562 0.0890625 0.835449
0 0.60625 0.5625 0.128125 0.0875 0.757812
0 0.605469 0.566797 0.13125 0.0773438 0.695801
0 0.606641 0.564844 0.125781 0.078125 0.855469
0 0.607031 0.566797 0.122656 0.0757812 0.866699
0 0.605859 0.566406 0.125781 0.078125 0.843262
0 0.607031 0.565625 0.125 0.084375 0.904785
0 0.606641 0.565625 0.124219 0.0828125 0.911621
0 0.606641 0.563281 0.125781 0.0859375 0.92334
0 0.607813 0.5625 0.126562 0.0859375 0.878906
0 0.60625 0.562109 0.125 0.0914063 0.810547
0 0.60625 0.561719 0.125 0.090625 0.754883
0 0.60625 0.561719 0.125 0.0914062 0.73584
1 0.607031 0.563281 0.126563 0.0890625 0.775391
0 0.606641 0.5625 0.125 0.0890625 0.900879
0 0.607031 0.564844 0.126563 0.0890625 0.88623
0 0.60625 0.5625 0.129687 0.0890625 0.794922
0 0.607031 0.563281 0.128125 0.0890625 0.819824
0 0.607813 0.561328 0.126562 0.0898438 0.876465
0 0.60625 0.560938 0.125 0.090625 0.878906
0 0.60625 0.563281 0.126563 0.0875 0.874023
0 0.60625 0.563281 0.125 0.0875 0.869629
0 0.60625 0.564063 0.125 0.0859375 0.899902
0 0.607813 0.563672 0.126562 0.0851562 0.89502
0 0.607031 0.563281 0.125781 0.0859375 0.877441
0 0.60625 0.5625 0.125 0.0859375 0.874023
0 0.60625 0.563281 0.126563 0.0875 0.844727
0 0.60625 0.562891 0.125781 0.0882813 0.839844
0 0.60625 0.5625 0.126563 0.0875 0.849121
0 0.607031 0.563281 0.126563 0.0875 0.865234
0 0.60625 0.562109 0.126563 0.0882812 0.88623
0 0.60625 0.561719 0.125 0.0875 0.885742
0 0.60625 0.562891 0.123437 0.0835937 0.902832
0 0.607031 0.563672 0.125781 0.084375 0.90332
0 0.60625 0.563672 0.125 0.0851562 0.904785
0 0.607031 0.564063 0.123437 0.0859375 0.906738
0 0.606641 0.564844 0.125 0.0875 0.905762
0 0.60625 0.564063 0.125 0.0859375 0.891113
0 0.60625 0.562891 0.126563 0.0828125 0.866211
0 0.60625 0.563281 0.127344 0.084375 0.858887
0 0.60625 0.563281 0.127344 0.0859375 0.867188
0 0.60625 0.5625 0.126563 0.0859375 0.868164
0 0.60625 0.561719 0.127344 0.0875 0.868164
0 0.607031 0.561719 0.126563 0.0875 0.888184
0 0.607031 0.561719 0.126563 0.0875 0.891113
0 0.606641 0.561719 0.126562 0.0875 0.882324
0 0.606641 0.562109 0.126562 0.0867187 0.877441
0 0.607031 0.561719 0.126563 0.0875 0.881836
0 0.607422 0.560938 0.126562 0.0890625 0.884766
0 0.607813 0.560938 0.126562 0.090625 0.892578
0 0.607422 0.561719 0.128125 0.090625 0.888184
0 0.606641 0.561328 0.129688 0.0914063 0.878418
0 0.60625 0.561328 0.129687 0.090625 0.873047
0 0.60625 0.561719 0.128125 0.090625 0.873047
0 0.60625 0.561719 0.128125 0.0890625 0.890137
0 0.606641 0.560938 0.128125 0.0890625 0.897461
0 0.60625 0.560938 0.128125 0.0890625 0.902832
0 0.60625 0.560938 0.128125 0.0890625 0.90332
0 0.60625 0.560938 0.128125 0.0890625 0.902832
0 0.60625 0.561719 0.125 0.0914062 0.73877
