1 0.685938 0.530469 0.0640625 0.090625 0.516602
0 0.66875 0.528125 0.09375 0.0953125 0.673828
1 0.684375 0.526172 0.065625 0.0945313 0.725098
1 0.680469 0.528906 0.071875 0.0921875 0.839844
1 0.685938 0.526563 0.0609375 0.09375 0.628906
1 0.673047 0.528906 0.0867188 0.090625 0.624512
1 0.688281 0.527344 0.0601563 0.0953125 0.667969
1 0.677344 0.532031 0.08125 0.101562 0.600098
1 0.684766 0.529688 0.06875 0.0953125 0.516602
0 0.683594 0.530859 0.0648438 0.09375 0.504883
1 0.684375 0.528906 0.0625 0.090625 0.527344
1 0.674219 0.528906 0.0898438 0.0984375 0.596191
1 0.687891 0.527344 0.059375 0.096875 0.762207
1 0.686719 0.529297 0.0609375 0.0945313 0.709961
1 0.688281 0.529297 0.05625 0.0945313 0.683594
1 0.686719 0.529688 0.05625 0.09375 0.545898
1 0.686328 0.528906 0.0578125 0.0890625 0.549805
1 0.6875 0.530469 0.059375 0.0890625 0.541992
1 0.684766 0.528516 0.0617187 0.0914063 0.616699
1 0.687109 0.526563 0.05625 0.0898438 0.715332
1 0.685938 0.528125 0.059375 0.0921875 0.664551
1 0.686719 0.530469 0.059375 0.09375 0.666504
1 0.686719 0.529688 0.0625 0.0859375 0.621582
1 0.6875 0.528125 0.0617188 0.09375 0.67041
1 0.688281 0.528125 0.0609375 0.09375 0.569824
1 0.688281 0.528906 0.0625 0.0921875 0.630859
1 0.688281 0.527344 0.0578125 0.090625 0.762207
1 0.688281 0.528125 0.0578125 0.0921875 0.760742
1 0.688672 0.53125 0.0585938 0.0953125 0.72168
1 0.689062 0.530078 0.059375 0.0984375 0.606934
1 0.686328 0.528125 0.0648437 0.0953125 0.729492
1 0.684375 0.526172 0.06875 0.0898437 0.668945
1 0.678906 0.5375 0.08125 0.110938 0.57959
1 0.682031 0.525391 0.071875 0.0898438 0.682617
1 0.676953 0.54375 0.0820312 0.121875 0.513672
1 0.685547 0.524219 0.0679687 0.0851563 0.596191
1 0.688281 0.520313 0.059375 0.08125 0.646973
1 0.684375 0.527734 0.0671875 0.0921875 0.680664
1 0.684375 0.528906 0.0640625 0.090625 0.775391
1 0.6875 0.527344 0.0578125 0.0929688 0.777832
1 0.686719 0.530469 0.0625 0.0875 0.768555
1 0.689844 0.521094 0.0546875 0.0765625 0.561035
1 0.689453 0.521875 0.0578125 0.08125 0.76123
1 0.6875 0.526563 0.0625 0.0890625 0.74707
1 0.685938 0.526563 0.0640625 0.0890625 0.70166
1 0.687109 0.526563 0.0601563 0.0921875 0.728027
0 0.688281 0.525781 0.0570312 0.090625 0.580566
1 0.685938 0.527344 0.065625 0.09375 0.640625
1 0.685938 0.526953 0.0648438 0.090625 0.685059
1 0.687109 0.526953 0.0632812 0.09375 0.742188
1 0.686328 0.528125 0.0625 0.0921875 0.779297
1 0.684766 0.527344 0.0679687 0.096875 0.76123
1 0.689062 0.526563 0.059375 0.09375 0.736328
1 0.688281 0.528125 0.059375 0.0984375 0.740723
1 0.685938 0.528125 0.0671875 0.096875 0.775879
1 0.6875 0.528125 0.0609375 0.0953125 0.776855
1 0.687109 0.527344 0.0617188 0.0953125 0.785156
1 0.6875 0.528125 0.0625 0.09375 0.772461
1 0.688281 0.527344 0.0625 0.09375 0.8125
1 0.6875 0.526563 0.059375 0.0945313 0.822754
1 0.6875 0.526563 0.0601562 0.0945313 0.807617
1 0.685547 0.528125 0.0632812 0.09375 0.819336
1 0.685156 0.528125 0.065625 0.0960937 0.840332
1 0.689063 0.527734 0.0625 0.0945312 0.86084
1 0.685156 0.529297 0.065625 0.09375 0.800293
1 0.685156 0.530469 0.0703125 0.0953125 0.80127
1 0.683984 0.529688 0.0664062 0.09375 0.842285
1 0.685938 0.528906 0.0671875 0.0960937 0.640625
1 0.685938 0.528125 0.0640625 0.0953125 0.550781
1 0.685156 0.528516 0.06875 0.0960938 0.830566
1 0.685938 0.528125 0.065625 0.0960937 0.833008
1 0.684375 0.528516 0.0671875 0.0976562 0.842285
1 0.684766 0.528516 0.0695312 0.0960938 0.816895
1 0.685156 0.528125 0.0703125 0.0960937 0.821777
1 0.683203 0.528906 0.071875 0.0984375 0.793945
1 0.684766 0.528906 0.071875 0.0992188 0.813477
1 0.683594 0.530469 0.071875 0.096875 0.810059
1 0.684375 0.529688 0.071875 0.0953125 0.766113
1 0.684766 0.529688 0.06875 0.0953125 0.794922
1 0.682813 0.530469 0.06875 0.0960938 0.790527
1 0.683984 0.530859 0.0695313 0.0976563 0.824219
1 0.683594 0.529688 0.06875 0.0960938 0.85498
1 0.682813 0.528906 0.071875 0.096875 0.831055
1 0.682813 0.529688 0.0703125 0.0953125 0.831055
1 0.682813 0.528906 0.06875 0.09375 0.833496
1 0.683594 0.532031 0.06875 0.0921875 0.832031
1 0.683203 0.529688 0.0695313 0.09375 0.837402
1 0.682813 0.529688 0.0703125 0.09375 0.847168
1 0.683594 0.530078 0.0703125 0.0929688 0.847168
1 0.685938 0.530078 0.0664062 0.0929688 0.867188
1 0.686328 0.529297 0.0632812 0.0945313 0.866211
1 0.683203 0.529688 0.0679688 0.09375 0.870605
1 0.683594 0.528906 0.065625 0.09375 0.86084
1 0.683594 0.529688 0.0640625 0.0921875 0.863281
1 0.683594 0.528906 0.0671875 0.0945312 0.858887
1 0.685156 0.528125 0.065625 0.0984375 0.844727
1 0.685938 0.528906 0.0640625 0.096875 0.835449
1 0.685156 0.528516 0.0640625 0.096875 0.818848
1 0.686719 0.528906 0.0625 0.096875 0.825684
1 0.686328 0.528906 0.0640625 0.0984375 0.84375
1 0.685156 0.528906 0.0671875 0.096875 0.863281
1 0.685156 0.529297 0.065625 0.096875 0.875
1 0.685156 0.529297 0.06875 0.0960937 0.871582
1 0.685156 0.528516 0.0671875 0.0960938 0.845703
1 0.685938 0.528906 0.0671875 0.096875 0.825684
1 0.685156 0.528906 0.0679688 0.096875 0.848145
1 0.685938 0.528906 0.065625 0.096875 0.88623
1 0.685938 0.528906 0.065625 0.096875 0.906738
1 0.685156 0.528906 0.065625 0.0953125 0.887207
1 0.684375 0.529688 0.0671875 0.0953125 0.852051
1 0.686328 0.528906 0.0632812 0.09375 0.82666
1 0.689844 0.527344 0.059375 0.096875 0.88623
1 0.689844 0.527734 0.059375 0.0960938 0.875977
1 0.689453 0.527734 0.059375 0.0960938 0.839844
1 0.689062 0.527734 0.059375 0.0960938 0.834473
1 0.689062 0.528125 0.059375 0.0960937 0.844727
1 0.689844 0.528125 0.059375 0.096875 0.84375
1 0.686719 0.528125 0.0640625 0.09375 0.856934
1 0.685938 0.528906 0.0671875 0.0953125 0.874023
1 0.683594 0.529297 0.071875 0.096875 0.876465
1 0.682813 0.529688 0.0710938 0.0953125 0.880859
1 0.682813 0.529688 0.0703125 0.09375 0.874023
1 0.683594 0.529297 0.0703125 0.0945313 0.862305
1 0.684375 0.528125 0.0679688 0.0921875 0.851074
1 0.684375 0.528906 0.0671875 0.0921875 0.847168
1 0.685156 0.529297 0.065625 0.0960937 0.841797
1 0.683984 0.529688 0.0671875 0.09375 0.849121
1 0.683594 0.528906 0.0671875 0.0921875 0.849121
1 0.684375 0.528906 0.0671875 0.09375 0.824219
1 0.684766 0.529688 0.0679687 0.0953125 0.816406
1 0.684375 0.529297 0.0671875 0.09375 0.829102
1 0.684375 0.529297 0.06875 0.0929688 0.845703
1 0.684375 0.529688 0.06875 0.09375 0.858887
1 0.685156 0.529297 0.0671875 0.0945313 0.86084
1 0.684375 0.528906 0.0671875 0.0953125 0.85791
1 0.684375 0.528906 0.0671875 0.0945312 0.858887
1 0.684375 0.528906 0.0671875 0.0953125 0.85498
1 0.685156 0.528906 0.0671875 0.0953125 0.868164
1 0.685156 0.528906 0.065625 0.0953125 0.868652
1 0.684375 0.528906 0.0671875 0.0960937 0.868652
1 0.684375 0.528906 0.0671875 0.0960937 0.867188
1 0.683984 0.528906 0.0679687 0.0953125 0.865234
1 0.684375 0.528906 0.0671875 0.0953125 0.866211
1 0.684375 0.528906 0.0671875 0.0953125 0.867188
1 0.684375 0.528906 0.0671875 0.0953125 0.868652
1 0.684375 0.528906 0.0671875 0.0953125 0.869629
1 0.684375 0.528516 0.0671875 0.0953125 0.869629
1 0.684375 0.528906 0.0671875 0.0953125 0.873047
1 0.685156 0.529297 0.065625 0.096875 0.875
