1 0.297266 0.36875 0.0824219 0.078125 0.709961
0 0.297266 0.36875 0.0824219 0.078125 0.614258
0 0.301562 0.370313 0.0890625 0.0890625 0.625977
0 0.298828 0.366797 0.0882812 0.0828125 0.514648
0 0.298633 0.371289 0.0886719 0.0816406 0.790527
1 0.298633 0.371289 0.0886719 0.0816406 0.695801
0 0.297656 0.368359 0.0941406 0.08125 0.562988
0 0.301758 0.370313 0.0917969 0.0804687 0.511719
0 0.298047 0.370313 0.0902344 0.0796875 0.64502
0 0.299219 0.371094 0.0898438 0.084375 0.638672
0 0.299609 0.369336 0.0910156 0.0855469 0.549805
1 0.299609 0.369336 0.0910156 0.0855469 0.515625
0 0.298633 0.370898 0.0910156 0.0847656 0.510742
0 0.297656 0.369727 0.0890625 0.0746094 0.630859
1 0.298828 0.368359 0.0867187 0.0757813 0.694336
0 0.300391 0.370508 0.0945312 0.0832031 0.551758
1 0.298438 0.369531 0.0914062 0.0804687 0.52832
0 0.299219 0.368945 0.0898438 0.0785156 0.505859
0 0.300781 0.369336 0.0945312 0.0792969 0.566895
1 0.298828 0.368945 0.0890625 0.0769531 0.766113
0 0.298438 0.368359 0.090625 0.0734375 0.585938
1 0.300391 0.367578 0.0898438 0.0796875 0.550781
1 0.298828 0.369336 0.0867187 0.0792969 0.594727
1 0.298438 0.369727 0.0914062 0.0832031 0.835938
1 0.299414 0.370508 0.0949219 0.0816406 0.673828
1 0.297852 0.368945 0.0917969 0.0847656 0.709961
1 0.298633 0.370117 0.0941406 0.0855469 0.813965
1 0.300586 0.370508 0.0941406 0.0808594 0.730469
1 0.300195 0.370703 0.09375 0.0804688 0.506836
0 0.299805 0.371484 0.09375 0.0789063 0.506836
1 0.295898 0.370313 0.096875 0.078125 0.587891
1 0.299219 0.369727 0.0914063 0.0800781 0.715332
0 0.298242 0.369922 0.0867188 0.0789063 0.681641
0 0.297656 0.369141 0.0953125 0.0828125 0.655762
0 0.299023 0.371484 0.0902344 0.078125 0.733398
1 0.298438 0.369531 0.09375 0.078125 0.847168
1 0.298438 0.369141 0.0929688 0.0796875 0.717773
0 0.3 0.369531 0.0882812 0.0789063 0.575684
0 0.299805 0.371094 0.0886719 0.0796875 0.709961
1 0.299609 0.369336 0.090625 0.0785156 0.700195
0 0.300781 0.36875 0.0929688 0.0765625 0.543945
1 0.299609 0.369531 0.0933594 0.0804687 0.748535
1 0.299219 0.369922 0.096875 0.0796875 0.740234
0 0.299023 0.371094 0.0878906 0.0773438 0.786621
0 0.299219 0.371289 0.0914063 0.0785156 0.82666
0 0.298828 0.372266 0.0921875 0.0773438 0.759277
0 0.299609 0.370703 0.0882812 0.0765625 0.897461
1 0.296484 0.370898 0.09375 0.0808594 0.696777
0 0.297656 0.370508 0.0921875 0.0785156 0.638672
0 0.296484 0.369531 0.0914062 0.08125 0.696777
1 0.299805 0.370703 0.0902344 0.0828125 0.562988
1 0.299219 0.36875 0.090625 0.0789062 0.518555
0 0.297852 0.370703 0.0929688 0.0835937 0.503906
1 0.299609 0.369336 0.0882812 0.0792969 0.834961
1 0.298438 0.370898 0.0875 0.0785156 0.591797
0 0.299023 0.370117 0.090625 0.0824219 0.563965
1 0.297656 0.369922 0.0921875 0.0757813 0.806641
1 0.297852 0.368945 0.0925781 0.0824219 0.759766
1 0.298828 0.369922 0.0863281 0.0796875 0.504883
0 0.298438 0.369141 0.0875 0.078125 0.500977
0 0.297266 0.370508 0.0945313 0.0769531 0.887207
0 0.299023 0.368945 0.0871094 0.0792969 0.851562
0 0.297266 0.369727 0.0890625 0.0792969 0.539062
0 0.297266 0.371289 0.090625 0.0769531 0.635254
1 0.298438 0.370313 0.0898438 0.0796875 0.541992
1 0.298828 0.369922 0.0898438 0.0789063 0.689941
1 0.299609 0.369531 0.0890625 0.0804687 0.744141
0 0.299219 0.370313 0.090625 0.0804687 0.59375
1 0.297266 0.369141 0.0921875 0.078125 0.88916
1 0.299609 0.36875 0.0894531 0.078125 0.743164
1 0.297461 0.369727 0.0925781 0.0816406 0.803711
0 0.298828 0.369141 0.0914063 0.0835938 0.8125
1 0.298633 0.369922 0.0878906 0.0796875 0.86377
1 0.297266 0.369531 0.0890625 0.0789063 0.770996
1 0.297656 0.369922 0.090625 0.078125 0.510742
0 0.298047 0.369531 0.0921875 0.0828125 0.819336
0 0.299219 0.371094 0.0925781 0.0796875 0.865723
0 0.297266 0.369727 0.0921875 0.0792969 0.728027
1 0.299609 0.370508 0.0875 0.0816406 0.713867
0 0.300391 0.371875 0.0871094 0.08125 0.886719
1 0.298438 0.370703 0.090625 0.0820312 0.74707
1 0.298438 0.371094 0.0890625 0.0820312 0.86084
1 0.299219 0.369922 0.090625 0.0851562 0.625
0 0.299219 0.370703 0.0921875 0.078125 0.841309
0 0.298047 0.369141 0.0945312 0.0820312 0.821777
1 0.299219 0.369141 0.0921875 0.0789062 0.510742
1 0.298242 0.370313 0.0933594 0.0828125 0.655762
1 0.298633 0.369727 0.0933594 0.0808594 0.802734
1 0.298828 0.369922 0.0914063 0.0789063 0.774414
1 0.299219 0.369141 0.0933594 0.0804687 0.642578
0 0.298047 0.369922 0.090625 0.0796875 0.541016
1 0.297852 0.370703 0.0925781 0.08125 0.712402
0 0.299609 0.371094 0.0898438 0.0804687 0.555664
1 0.298828 0.370313 0.0914063 0.08125 0.545898
1 0.297266 0.371484 0.090625 0.08125 0.844238
1 0.298047 0.370508 0.0894531 0.0816406 0.541016
1 0.298438 0.369922 0.0890625 0.0796875 0.78125
0 0.297656 0.370703 0.0921875 0.0820312 0.647949
1 0.299023 0.369727 0.0882812 0.0808594 0.548828
0 0.298438 0.370703 0.0921875 0.0804688 0.751465
0 0.297852 0.371094 0.0894531 0.0828125 0.867676
1 0.298438 0.370508 0.0921875 0.0832031 0.693359
0 0.298242 0.370703 0.0925781 0.0835937 0.519531
0 0.29707 0.370898 0.0890625 0.0800781 0.853516
0 0.298047 0.370313 0.0898438 0.0820312 0.875488
0 0.297656 0.370508 0.0898438 0.0824219 0.865723
0 0.297852 0.370117 0.0925781 0.0832031 0.690918
0 0.297656 0.369531 0.0914063 0.0820312 0.692871
1 0.296484 0.370508 0.090625 0.0808594 0.667969
1 0.298828 0.370117 0.0929688 0.0824219 0.686035
0 0.3 0.370703 0.0917969 0.0796875 0.803711
1 0.298047 0.37168 0.090625 0.0792969 0.883789
1 0.299414 0.370703 0.0898438 0.08125 0.902832
1 0.298633 0.37168 0.0894531 0.0800781 0.895996
1 0.298828 0.369922 0.090625 0.08125 0.888672
1 0.299609 0.369922 0.0890625 0.08125 0.882324
1 0.297656 0.370508 0.090625 0.0816406 0.875977
1 0.298438 0.370313 0.0921875 0.0835938 0.890137
1 0.297266 0.371484 0.0898438 0.08125 0.773438
1 0.297656 0.371484 0.0929687 0.0820312 0.876465
1 0.299219 0.370703 0.090625 0.0828125 0.863281
1 0.298828 0.370313 0.090625 0.08125 0.858887
1 0.299023 0.369531 0.0925781 0.0789063 0.853027
1 0.299219 0.370313 0.0910156 0.0804687 0.871582
1 0.298438 0.370313 0.0921875 0.0820312 0.898438
1 0.298828 0.370313 0.0921875 0.08125 0.89502
1 0.300391 0.369531 0.090625 0.0796875 0.903809
1 0.299805 0.369531 0.0902344 0.08125 0.905273
1 0.298047 0.370703 0.090625 0.0789062 0.908691
1 0.299023 0.369141 0.0902344 0.08125 0.669922
1 0.298828 0.370313 0.0882812 0.0796875 0.767578
1 0.298047 0.370703 0.090625 0.08125 0.915527
1 0.298438 0.370117 0.0914062 0.0824219 0.849121
0 0.298242 0.371094 0.0894531 0.0804687 0.875977
0 0.298047 0.369922 0.0898438 0.08125 0.92041
0 0.298828 0.369531 0.0898438 0.0804687 0.625
0 0.298438 0.370313 0.0898438 0.0820312 0.601074
1 0.298633 0.369727 0.0890625 0.0816406 0.538086
0 0.298047 0.370313 0.0898438 0.08125 0.786133
1 0.298828 0.370117 0.0898438 0.0832031 0.751953
1 0.298828 0.370508 0.0921875 0.0824219 0.92041
1 0.299023 0.369336 0.0914063 0.0816406 0.540039
0 0.299609 0.371094 0.0898438 0.0820312 0.604004
1 0.298828 0.370117 0.090625 0.0824219 0.882324
1 0.298438 0.370703 0.090625 0.0820312 0.916504
1 0.298828 0.369922 0.090625 0.08125 0.902832
1 0.298438 0.369141 0.0898438 0.0804687 0.839844
1 0.297852 0.369727 0.0910156 0.0824219 0.546875
0 0.298438 0.370313 0.0921875 0.0804687 0.543945
1 0.298047 0.369922 0.0902344 0.0828125 0.641602
1 0.297852 0.369531 0.0902344 0.0835938 0.694336
1 0.298047 0.369922 0.0914063 0.0835938 0.767578
0 0.297656 0.371094 0.0929687 0.0835938 0.598145
1 0.297656 0.369922 0.0921875 0.0835938 0.577637
0 0.297656 0.369531 0.0929687 0.0828125 0.775879
1 0.297461 0.370313 0.0925781 0.0820312 0.734863
1 0.298242 0.370508 0.0910156 0.0824219 0.868652
1 0.298047 0.370508 0.090625 0.0824219 0.912598
1 0.298047 0.370898 0.0921875 0.0832031 0.923828
1 0.297266 0.370313 0.0929687 0.0828125 0.889648
1 0.296875 0.370508 0.0914063 0.0816406 0.878418
1 0.297266 0.370703 0.090625 0.08125 0.839844
1 0.298438 0.370898 0.0914062 0.0824219 0.871582
1 0.298438 0.369922 0.090625 0.08125 0.879883
1 0.298242 0.370117 0.0898438 0.0808594 0.874023
1 0.298047 0.370898 0.090625 0.0816406 0.800781
1 0.297461 0.370508 0.0910156 0.0800781 0.799316
1 0.297461 0.369922 0.0917969 0.0789063 0.835449
1 0.297656 0.370313 0.0925781 0.0804687 0.850098
1 0.297656 0.371484 0.0917969 0.0820312 0.870605
1 0.297461 0.371289 0.0910156 0.0816406 0.884277
1 0.297266 0.371289 0.0914063 0.0808594 0.884766
1 0.297266 0.370703 0.0925781 0.0796875 0.875
1 0.297656 0.370313 0.0929687 0.08125 0.870605
1 0.297656 0.370898 0.0921875 0.0816406 0.888184
1 0.297656 0.370898 0.0921875 0.0808594 0.901855
1 0.297656 0.370703 0.0921875 0.08125 0.90332
1 0.297852 0.370703 0.0917969 0.08125 0.911133
1 0.297852 0.370703 0.0914063 0.08125 0.892578
1 0.297852 0.370703 0.0925781 0.08125 0.867188
1 0.297656 0.371094 0.0921875 0.08125 0.882324
1 0.297656 0.371094 0.0921875 0.08125 0.891602
1 0.297656 0.371094 0.0914063 0.0804687 0.901855
1 0.297852 0.371094 0.0917969 0.08125 0.900391
1 0.297852 0.370703 0.0917969 0.08125 0.904785
1 0.297852 0.370508 0.0917969 0.0816406 0.908691
1 0.297852 0.370508 0.0917969 0.0816406 0.913086
1 0.297852 0.370703 0.0917969 0.08125 0.916504
1 0.298633 0.370117 0.0902344 0.0832031 0.749023
