1 0.573438 0.319336 0.0765625 0.0683594 0.515625
0 0.576563 0.322656 0.0820312 0.075 0.556641
1 0.576172 0.322266 0.0804688 0.075 0.513672
0 0.576172 0.323047 0.08125 0.06875 0.623535
1 0.575 0.322852 0.0859375 0.0691406 0.509766
0 0.575781 0.322266 0.0828125 0.06875 0.512695
1 0.573047 0.322656 0.084375 0.0679688 0.677246
1 0.576563 0.321094 0.0851563 0.071875 0.643555
0 0.576953 0.320312 0.0882812 0.0703125 0.53418
1 0.571875 0.32168 0.08125 0.0660156 0.684082
0 0.574609 0.320117 0.084375 0.0683594 0.637695
0 0.575781 0.32168 0.0828125 0.0730469 0.556641
1 0.577344 0.322656 0.0875 0.071875 0.686035
1 0.577344 0.322656 0.090625 0.0695312 0.709961
1 0.576953 0.321875 0.0875 0.0726563 0.641602
1 0.577344 0.323828 0.0859375 0.0734375 0.695801
0 0.578125 0.321094 0.0875 0.06875 0.863281
0 0.577344 0.321875 0.084375 0.0742188 0.862305
1 0.578125 0.321484 0.0914062 0.0734375 0.656738
0 0.577344 0.322656 0.0804688 0.0695312 0.640625
0 0.578516 0.32168 0.0859375 0.071875 0.779785
0 0.577734 0.32207 0.0851563 0.0695312 0.852539
0 0.575781 0.321094 0.084375 0.0734375 0.770508
1 0.575 0.322656 0.0859375 0.06875 0.594727
0 0.576172 0.320898 0.0804688 0.0714844 0.685059
0 0.576563 0.322461 0.0828125 0.0707031 0.648926
0 0.576953 0.321484 0.084375 0.0671875 0.836914
0 0.576953 0.323242 0.084375 0.0695313 0.604004
0 0.576172 0.32207 0.0835937 0.0695312 0.904785
0 0.575781 0.323828 0.0828125 0.071875 0.930176
0 0.575781 0.323242 0.0859375 0.0722656 0.854004
0 0.575781 0.323438 0.0859375 0.071875 0.927734
0 0.576953 0.322266 0.0820312 0.06875 0.931641
0 0.575781 0.323047 0.0859375 0.071875 0.637207
0 0.576563 0.321875 0.0875 0.0710937 0.589844
0 0.574609 0.321484 0.0867187 0.06875 0.79248
0 0.575391 0.321875 0.084375 0.0632812 0.634277
0 0.576563 0.323047 0.0828125 0.0695312 0.772461
0 0.575781 0.32168 0.084375 0.0691406 0.84082
1 0.574219 0.322266 0.0796875 0.0695313 0.52832
0 0.575 0.32207 0.0796875 0.0699219 0.523438
0 0.574219 0.321875 0.0796875 0.0710937 0.777344
0 0.574609 0.323047 0.084375 0.0695312 0.925781
0 0.574219 0.322266 0.08125 0.0703125 0.845703
0 0.575 0.32207 0.08125 0.0691406 0.728516
0 0.574609 0.32207 0.0835937 0.0695312 0.92627
0 0.575391 0.321484 0.08125 0.0710937 0.885254
0 0.575781 0.321875 0.0835938 0.0710937 0.858398
0 0.576172 0.323828 0.0859375 0.0710937 0.833984
0 0.576953 0.323047 0.0851563 0.0710938 0.831543
0 0.576953 0.323047 0.0835938 0.071875 0.893555
0 0.577344 0.32207 0.084375 0.0707031 0.92627
0 0.576172 0.321094 0.0828125 0.0695312 0.866699
0 0.577344 0.32207 0.0828125 0.0699219 0.919922
1 0.575 0.321094 0.0859375 0.0726562 0.674805
0 0.575 0.321875 0.0859375 0.0726563 0.597168
0 0.575391 0.320703 0.0828125 0.0722656 0.860352
1 0.575 0.320703 0.08125 0.0710938 0.680176
0 0.575781 0.321094 0.0828125 0.0695312 0.629883
1 0.574609 0.321094 0.0820312 0.0710938 0.794922
0 0.575781 0.321875 0.0804687 0.0695313 0.651367
0 0.575781 0.323047 0.0828125 0.0679688 0.874512
0 0.576172 0.321875 0.0851563 0.0742188 0.888184
0 0.576563 0.323242 0.0859375 0.071875 0.907715
0 0.575781 0.322656 0.0859375 0.0703125 0.855469
0 0.577344 0.323047 0.0828125 0.0695312 0.775879
1 0.577344 0.322656 0.0820312 0.0695312 0.543945
0 0.577344 0.323633 0.0820312 0.06875 0.82959
0 0.576563 0.321875 0.0835937 0.071875 0.816895
0 0.576172 0.321484 0.0851563 0.071875 0.530273
0 0.576953 0.321484 0.0851563 0.0757813 0.805176
0 0.577344 0.321875 0.084375 0.071875 0.844238
0 0.577344 0.321484 0.0882813 0.0757813 0.819336
1 0.576563 0.321094 0.084375 0.071875 0.840332
1 0.577344 0.32207 0.0828125 0.0726562 0.625
0 0.577344 0.323438 0.0828125 0.0726562 0.623535
1 0.577734 0.320898 0.0820312 0.0722656 0.782227
1 0.576953 0.321094 0.0804687 0.0710938 0.630859
1 0.575781 0.320898 0.0828125 0.0714844 0.617676
0 0.575781 0.322656 0.084375 0.071875 0.682617
0 0.577344 0.322656 0.0828125 0.0734375 0.811035
0 0.575781 0.321875 0.084375 0.0707031 0.84375
0 0.575781 0.321094 0.084375 0.071875 0.906738
1 0.575391 0.321875 0.084375 0.0722656 0.779785
0 0.575391 0.322461 0.0835937 0.0710937 0.662109
1 0.576563 0.322266 0.084375 0.0726562 0.790527
0 0.576563 0.321875 0.084375 0.071875 0.656738
0 0.576563 0.322656 0.084375 0.0710938 0.802734
0 0.576172 0.323438 0.0828125 0.0734375 0.885254
1 0.576563 0.32207 0.0875 0.0714844 0.778809
0 0.575 0.322266 0.0828125 0.0730469 0.8125
0 0.575781 0.321875 0.0835938 0.075 0.875488
0 0.575781 0.322266 0.084375 0.0726562 0.885254
0 0.576563 0.32207 0.0859375 0.0726562 0.835938
0 0.576563 0.321289 0.0828125 0.0707031 0.839355
0 0.576172 0.32207 0.08125 0.0703125 0.827148
1 0.574219 0.32168 0.0796875 0.0699219 0.53125
0 0.576953 0.321875 0.0828125 0.0710937 0.82373
0 0.577734 0.321484 0.0828125 0.0710937 0.888184
0 0.575781 0.322266 0.0828125 0.0710937 0.788086
0 0.578125 0.319922 0.08125 0.0726563 0.838867
0 0.577734 0.321094 0.08125 0.0710938 0.875
0 0.577344 0.320312 0.0828125 0.071875 0.778809
0 0.576563 0.320117 0.0828125 0.0726562 0.84082
1 0.575391 0.320312 0.0835937 0.0726562 0.808105
1 0.577344 0.319727 0.084375 0.071875 0.679199
0 0.577344 0.319727 0.0828125 0.0730469 0.503906
0 0.576563 0.321094 0.08125 0.0710938 0.877441
0 0.576953 0.321094 0.0851563 0.0710938 0.733887
1 0.576563 0.320703 0.0851563 0.0726562 0.539062
0 0.577344 0.321484 0.084375 0.071875 0.836914
0 0.576953 0.321094 0.0835938 0.0699219 0.88623
0 0.576563 0.321289 0.084375 0.0699219 0.810059
1 0.576172 0.32168 0.0867187 0.0714844 0.613281
0 0.577344 0.322266 0.084375 0.0710937 0.786621
1 0.576563 0.32207 0.0859375 0.0714844 0.625977
0 0.575781 0.322656 0.0859375 0.075 0.859375
0 0.575781 0.323047 0.0859375 0.075 0.856445
1 0.577344 0.321875 0.0828125 0.0726563 0.818848
1 0.577344 0.321875 0.0828125 0.0707031 0.884766
1 0.576563 0.322266 0.084375 0.0695313 0.888184
0 0.576563 0.321875 0.0828125 0.0722656 0.854492
0 0.576563 0.322852 0.0828125 0.0722656 0.830566
0 0.575781 0.32207 0.084375 0.0707031 0.750488
1 0.575781 0.321875 0.084375 0.0710937 0.699219
0 0.576172 0.321875 0.0835937 0.0726563 0.893555
0 0.576563 0.322266 0.0828125 0.071875 0.89502
0 0.576172 0.321484 0.0820312 0.0734375 0.910645
0 0.576953 0.321289 0.0820312 0.0726562 0.807617
0 0.576563 0.322266 0.0828125 0.075 0.88623
0 0.575781 0.322266 0.0828125 0.0738281 0.878418
0 0.576563 0.322266 0.0828125 0.0734375 0.873047
1 0.577344 0.321484 0.0835937 0.071875 0.715332
0 0.576953 0.321875 0.0851563 0.0726563 0.547852
0 0.577344 0.320898 0.0828125 0.0699219 0.908203
0 0.577344 0.32207 0.0828125 0.0710938 0.895996
1 0.576953 0.321484 0.084375 0.071875 0.733887
0 0.576563 0.321094 0.0828125 0.0703125 0.633301
1 0.576953 0.321875 0.0835938 0.071875 0.740234
0 0.576563 0.321875 0.0820312 0.0710937 0.605957
1 0.576953 0.321875 0.0828125 0.0722656 0.682617
0 0.576953 0.321875 0.0820312 0.0710937 0.680176
1 0.576563 0.32168 0.0828125 0.0722656 0.679199
0 0.576563 0.321875 0.08125 0.0707031 0.672363
0 0.576563 0.323047 0.0828125 0.0734375 0.834473
0 0.576953 0.323047 0.0820312 0.0738281 0.794922
0 0.576953 0.322461 0.0820312 0.0738281 0.819824
0 0.577344 0.322266 0.0828125 0.0734375 0.762207
1 0.577344 0.322266 0.0828125 0.0734375 0.609375
0 0.576563 0.322656 0.0828125 0.0742188 0.796875
0 0.576563 0.321875 0.0828125 0.071875 0.876465
0 0.576563 0.322656 0.0828125 0.0726562 0.831055
0 0.576953 0.322656 0.0820312 0.0734375 0.744629
1 0.576563 0.321875 0.0828125 0.0726563 0.562012
1 0.576953 0.321289 0.0820312 0.0726562 0.753418
1 0.576563 0.321875 0.0828125 0.0726563 0.705566
0 0.577344 0.322461 0.0828125 0.0726562 0.588867
0 0.576563 0.322656 0.0828125 0.0742188 0.773926
1 0.575781 0.321875 0.0828125 0.0726563 0.560059
1 0.575781 0.321875 0.0828125 0.071875 0.692871
0 0.575781 0.322461 0.08125 0.0734375 0.63623
0 0.575781 0.322656 0.08125 0.0722656 0.841797
1 0.575391 0.321875 0.0820312 0.0710937 0.517578
0 0.576563 0.323047 0.0828125 0.0734375 0.806641
1 0.576172 0.32207 0.0835937 0.0714844 0.611328
1 0.576172 0.321289 0.0820312 0.0710937 0.746094
0 0.576953 0.321484 0.08125 0.0703125 0.719238
0 0.576953 0.321484 0.08125 0.0703125 0.819824
1 0.576172 0.321094 0.08125 0.0714844 0.65332
0 0.576953 0.322266 0.0820312 0.0730469 0.896973
0 0.576953 0.32207 0.08125 0.0714844 0.884277
0 0.576563 0.321484 0.08125 0.0695313 0.84375
0 0.576953 0.321875 0.0820312 0.0714844 0.829102
0 0.576953 0.322656 0.0820312 0.0742188 0.76709
1 0.576953 0.321484 0.0835938 0.0726562 0.616699
1 0.576953 0.321484 0.0835938 0.0726562 0.767578
0 0.576953 0.322266 0.0820312 0.0742188 0.619629
1 0.576953 0.321094 0.084375 0.071875 0.79834
0 0.577344 0.321875 0.0828125 0.0730469 0.613281
0 0.577344 0.321875 0.0835937 0.071875 0.849121
1 0.576953 0.321094 0.084375 0.0726562 0.517578
0 0.577344 0.321875 0.0828125 0.0734375 0.898438
0 0.576953 0.322266 0.0835938 0.0734375 0.889648
0 0.576953 0.322266 0.0835938 0.0734375 0.854004
1 0.576563 0.321289 0.084375 0.0726562 0.556641
0 0.576953 0.321875 0.0835938 0.0742188 0.850098
1 0.576563 0.321094 0.084375 0.0726562 0.575684
0 0.576563 0.32168 0.0828125 0.0734375 0.881836
0 0.577344 0.321484 0.0828125 0.0726562 0.901367
0 0.576563 0.321484 0.0828125 0.0734375 0.887207
0 0.576563 0.321484 0.0828125 0.0734375 0.872559
0 0.576563 0.32168 0.0828125 0.0730469 0.870605
0 0.576563 0.32168 0.0828125 0.0730469 0.870605
0 0.576563 0.321484 0.0828125 0.0726562 0.898926
0 0.576563 0.321484 0.0820312 0.0726562 0.907227
0 0.576563 0.321289 0.0820312 0.0730469 0.912598
0 0.576563 0.321484 0.0828125 0.0726562 0.908691
0 0.576563 0.321484 0.0828125 0.0726562 0.905273
0 0.576563 0.322266 0.0828125 0.0734375 0.874023
