1 0.425 0.474609 0.45 0.450781 0.552734
1 0.525781 0.525 0.251563 0.35 0.583008
1 0.334766 0.425 0.269531 0.35 0.569824
1 0.476172 0.525 0.252344 0.35 0.549805
1 0.588281 0.327539 0.09375 0.0828125 0.73584
0 0.589453 0.325 0.09375 0.084375 0.676758
0 0.594531 0.331641 0.0960937 0.0914062 0.680176
0 0.592969 0.329492 0.1 0.0851562 0.53418
0 0.595703 0.332031 0.0960938 0.0828125 0.813965
1 0.595703 0.332031 0.0960938 0.0828125 0.750488
0 0.591797 0.328125 0.0992187 0.0820312 0.553711
0 0.595703 0.328125 0.090625 0.084375 0.544922
0 0.59375 0.328516 0.096875 0.0824219 0.625977
0 0.596094 0.330469 0.0929688 0.08125 0.580566
1 0.59375 0.330859 0.103125 0.0882812 0.537109
0 0.59375 0.330859 0.103125 0.0882812 0.503906
0 0.595312 0.328516 0.0953125 0.0808594 0.515625
0 0.595312 0.330078 0.0984375 0.0882812 0.518555
0 0.593359 0.329297 0.0953125 0.0804687 0.666992
0 0.594531 0.328125 0.0960937 0.084375 0.714844
0 0.59375 0.326563 0.0992187 0.0835938 0.577637
1 0.59375 0.326563 0.0992187 0.0835938 0.53418
0 0.59375 0.330078 0.1 0.0898438 0.551758
0 0.59375 0.330469 0.0945312 0.0898438 0.543945
0 0.592969 0.329883 0.0976562 0.0835938 0.667969
1 0.594141 0.33125 0.0953125 0.0828125 0.662109
0 0.592188 0.329297 0.101562 0.0859375 0.507812
0 0.592969 0.328906 0.096875 0.0828125 0.59375
0 0.594531 0.328516 0.0984375 0.0828125 0.696777
0 0.592969 0.328906 0.0984375 0.0882812 0.566895
0 0.594531 0.327734 0.1 0.0875 0.727051
0 0.594531 0.326172 0.0953125 0.0820312 0.811035
0 0.59375 0.327344 0.0984375 0.0855469 0.776855
0 0.592969 0.329102 0.096875 0.0878906 0.778809
1 0.59375 0.325977 0.0953125 0.0804687 0.620605
0 0.59375 0.325586 0.096875 0.0832031 0.561035
1 0.591797 0.328906 0.0992187 0.0835938 0.737305
1 0.592969 0.329297 0.0984375 0.0867187 0.623535
1 0.59375 0.329688 0.1 0.0859375 0.797363
1 0.595312 0.328906 0.096875 0.0835938 0.649414
0 0.59375 0.32832 0.1 0.0828125 0.819824
0 0.59375 0.328125 0.0953125 0.0859375 0.921875
0 0.592578 0.328516 0.1 0.090625 0.533203
0 0.59375 0.328906 0.09375 0.0875 0.806152
0 0.592969 0.326953 0.096875 0.0886719 0.864746
0 0.593359 0.328711 0.0953125 0.0808594 0.890625
0 0.592969 0.327734 0.0953125 0.0835937 0.896484
1 0.596094 0.329492 0.101562 0.0839844 0.638672
0 0.59375 0.328906 0.1 0.0851562 0.822754
0 0.592969 0.329297 0.0984375 0.0875 0.827148
0 0.592969 0.330078 0.1 0.0859375 0.789062
0 0.592969 0.329297 0.1 0.0835938 0.919434
0 0.592969 0.329688 0.101562 0.0875 0.696777
0 0.593359 0.328906 0.103125 0.084375 0.859863
0 0.59375 0.330078 0.096875 0.084375 0.95752
0 0.594531 0.328516 0.096875 0.0839844 0.852051
0 0.592188 0.328711 0.1 0.08125 0.839844
0 0.593359 0.327734 0.0945312 0.078125 0.89502
0 0.591406 0.330078 0.1 0.08125 0.638672
0 0.592969 0.329492 0.0984375 0.0800781 0.529297
0 0.592969 0.328906 0.096875 0.0867188 0.740723
0 0.594141 0.328516 0.0976562 0.0796875 0.806641
0 0.594922 0.329688 0.0953125 0.084375 0.834473
0 0.592188 0.327734 0.1 0.0824219 0.874023
0 0.593359 0.328516 0.096875 0.0820312 0.822266
0 0.592188 0.330078 0.0984375 0.0882812 0.798828
0 0.59375 0.330469 0.0976562 0.0820312 0.864258
0 0.594531 0.330078 0.096875 0.0867187 0.806641
0 0.594531 0.329688 0.09375 0.0835937 0.805664
0 0.592188 0.329883 0.1 0.0851562 0.869629
0 0.593359 0.329297 0.09375 0.0851563 0.868164
0 0.593359 0.329297 0.0960937 0.0859375 0.86084
0 0.592969 0.330078 0.0984375 0.0835938 0.883789
0 0.593359 0.32832 0.0992188 0.0835938 0.900879
0 0.593359 0.329297 0.096875 0.0847656 0.912598
0 0.593359 0.329297 0.0992188 0.0835938 0.924316
1 0.592578 0.329297 0.0976562 0.0867187 0.584961
0 0.59375 0.328906 0.096875 0.0859375 0.828613
1 0.592188 0.329102 0.0984375 0.0851563 0.592773
0 0.592969 0.32832 0.0976562 0.0855469 0.883789
0 0.592969 0.328516 0.096875 0.0835938 0.881836
0 0.592969 0.328711 0.0945313 0.084375 0.891602
0 0.592188 0.330664 0.096875 0.0855469 0.938477
0 0.59375 0.327734 0.096875 0.0890625 0.936035
0 0.595312 0.328125 0.0953125 0.0828125 0.92041
0 0.59375 0.32832 0.0960938 0.0839844 0.912109
0 0.59375 0.329297 0.096875 0.0835938 0.897949
0 0.592969 0.329688 0.0976562 0.0796875 0.883789
0 0.594531 0.328906 0.0984375 0.0882812 0.891602
0 0.595312 0.328906 0.096875 0.0867188 0.858398
0 0.594531 0.327148 0.100781 0.0886719 0.916504
0 0.594531 0.327734 0.1 0.0851563 0.907715
0 0.59375 0.327734 0.100781 0.0859375 0.879395
0 0.59375 0.326562 0.096875 0.0820312 0.869141
0 0.592578 0.327734 0.0984375 0.0832031 0.858398
0 0.592969 0.325781 0.1 0.084375 0.856445
0 0.595312 0.328516 0.096875 0.0890625 0.834961
0 0.594531 0.327344 0.0984375 0.0886719 0.844238
1 0.592969 0.328711 0.0984375 0.0863281 0.622559
0 0.592969 0.32793 0.0992187 0.0832031 0.53418
0 0.594531 0.327344 0.0984375 0.084375 0.844238
0 0.592969 0.328516 0.0984375 0.0839844 0.89502
0 0.59375 0.327344 0.096875 0.084375 0.915039
0 0.592578 0.328711 0.0960937 0.084375 0.753418
0 0.59375 0.328516 0.1 0.0867188 0.700684
0 0.593359 0.328516 0.100781 0.0828125 0.86084
0 0.592578 0.328711 0.0992188 0.0832031 0.922852
0 0.594531 0.328516 0.1 0.0835938 0.8125
0 0.592969 0.327734 0.096875 0.0820312 0.909668
0 0.59375 0.32793 0.0984375 0.084375 0.88623
0 0.592969 0.328516 0.096875 0.0859375 0.888184
0 0.594531 0.328125 0.1 0.0859375 0.866699
0 0.594531 0.327344 0.0976562 0.084375 0.871094
0 0.592969 0.328125 0.0984375 0.084375 0.897949
0 0.592969 0.327734 0.1 0.0851563 0.870117
0 0.592969 0.328516 0.0984375 0.0863281 0.903809
0 0.592188 0.329492 0.0984375 0.0871094 0.880371
0 0.594922 0.328516 0.0976562 0.0847656 0.871094
0 0.594141 0.328906 0.096875 0.0828125 0.873535
0 0.59375 0.327344 0.0984375 0.0820312 0.868164
0 0.594531 0.328125 0.096875 0.0828125 0.879395
0 0.592969 0.328516 0.096875 0.0828125 0.849609
0 0.594531 0.32832 0.096875 0.084375 0.862793
0 0.594141 0.330078 0.0960938 0.084375 0.910156
0 0.594531 0.329688 0.0984375 0.0851563 0.904785
0 0.594141 0.328906 0.096875 0.0867188 0.922852
0 0.594141 0.328906 0.0976562 0.0855469 0.900391
0 0.594922 0.328516 0.0984375 0.0828125 0.883789
0 0.594922 0.328516 0.096875 0.0820312 0.900391
0 0.59375 0.32832 0.0976562 0.0839844 0.90918
0 0.59375 0.329492 0.0984375 0.0855469 0.887695
0 0.594922 0.329297 0.096875 0.0859375 0.690918
0 0.59375 0.328906 0.096875 0.0859375 0.891602
0 0.592188 0.32832 0.0984375 0.0820312 0.874512
0 0.592969 0.328125 0.096875 0.0820312 0.891602
0 0.594141 0.329883 0.0945312 0.0832031 0.908203
0 0.592969 0.329102 0.096875 0.0816406 0.898926
0 0.592969 0.327734 0.096875 0.0851563 0.912598
0 0.592969 0.32832 0.096875 0.084375 0.916504
0 0.59375 0.327734 0.096875 0.0867187 0.930664
0 0.594141 0.327148 0.0976562 0.0847656 0.907227
0 0.59375 0.327344 0.0984375 0.0828125 0.888184
0 0.59375 0.32793 0.0976562 0.0832031 0.870605
0 0.594141 0.329297 0.096875 0.0851563 0.873047
0 0.594141 0.328711 0.0992187 0.0847656 0.872559
0 0.594141 0.32832 0.0976562 0.0855469 0.917969
0 0.594531 0.329297 0.0984375 0.0855469 0.903809
0 0.59375 0.328125 0.0984375 0.084375 0.862305
0 0.59375 0.328711 0.096875 0.0851563 0.870605
0 0.594922 0.327539 0.0953125 0.0847656 0.888184
0 0.59375 0.326953 0.096875 0.0835938 0.89502
0 0.59375 0.328906 0.0976562 0.0851562 0.891113
0 0.59375 0.328516 0.096875 0.084375 0.888672
0 0.59375 0.327734 0.096875 0.0832031 0.919434
0 0.594531 0.328125 0.096875 0.0828125 0.933105
0 0.594141 0.328906 0.0960938 0.084375 0.926758
0 0.59375 0.328125 0.096875 0.0835938 0.913574
0 0.59375 0.328906 0.0984375 0.0835938 0.903809
0 0.59375 0.328711 0.096875 0.0839844 0.897461
0 0.593359 0.32832 0.0953125 0.0855469 0.893066
0 0.59375 0.328125 0.0976562 0.0867187 0.89502
0 0.592969 0.327734 0.0984375 0.0875 0.899902
0 0.592969 0.328125 0.096875 0.0863281 0.893066
0 0.59375 0.328711 0.096875 0.0847656 0.905762
0 0.594141 0.329102 0.0976562 0.0851563 0.914062
0 0.59375 0.328125 0.096875 0.0835938 0.917969
0 0.594141 0.327734 0.0960938 0.0835937 0.921875
0 0.59375 0.328125 0.096875 0.0851563 0.92041
0 0.593359 0.328125 0.096875 0.084375 0.913086
0 0.593359 0.327734 0.0976562 0.0835937 0.890137
0 0.59375 0.328125 0.0984375 0.0851563 0.877441
0 0.59375 0.328125 0.096875 0.0867187 0.879883
0 0.59375 0.32793 0.096875 0.0859375 0.889648
0 0.59375 0.328125 0.096875 0.0851563 0.901367
0 0.59375 0.328125 0.096875 0.0851563 0.911621
0 0.59375 0.328125 0.096875 0.0867187 0.907227
0 0.594141 0.328516 0.0976562 0.0859375 0.898926
0 0.59375 0.328125 0.0984375 0.0851563 0.896484
0 0.59375 0.32793 0.0984375 0.0871094 0.901855
0 0.59375 0.32793 0.0976562 0.0871094 0.908691
0 0.59375 0.327734 0.0976562 0.0875 0.91748
0 0.59375 0.328125 0.0984375 0.0875 0.914062
0 0.593359 0.328125 0.0984375 0.0867187 0.908691
0 0.59375 0.328125 0.0984375 0.0859375 0.907227
0 0.59375 0.328125 0.0984375 0.0859375 0.908203
0 0.59375 0.328125 0.0976562 0.0859375 0.916504
0 0.59375 0.32793 0.0976562 0.0859375 0.918457
0 0.59375 0.327734 0.0976562 0.0859375 0.918945
0 0.59375 0.327734 0.0976562 0.0859375 0.91748
0 0.59375 0.328125 0.0984375 0.0859375 0.915527
0 0.594141 0.329297 0.096875 0.0851563 0.874023
