1 0.599219 0.475781 0.1125 0.0828125 0.594727
0 0.599219 0.475781 0.1125 0.0828125 0.500977
0 0.6 0.478906 0.114062 0.0765625 0.689453
1 0.6 0.477344 0.1125 0.0796875 0.65332
0 0.598828 0.476172 0.111719 0.0835938 0.733398
1 0.598828 0.476172 0.111719 0.0835938 0.578613
0 0.599609 0.477344 0.110937 0.078125 0.556641
0 0.601172 0.479688 0.113281 0.0820312 0.602051
0 0.603125 0.476953 0.109375 0.0859375 0.65918
1 0.601562 0.472656 0.110937 0.0859375 0.668945
1 0.6 0.476562 0.1125 0.0875 0.57959
1 0.6 0.475391 0.115625 0.0820312 0.597168
1 0.599219 0.475 0.114062 0.0890625 0.504883
1 0.599219 0.475 0.11875 0.0859375 0.661133
1 0.598438 0.475781 0.1125 0.0859375 0.587891
1 0.596484 0.475 0.108594 0.084375 0.521484
1 0.601562 0.474609 0.115625 0.0851563 0.581543
0 0.599219 0.476172 0.1125 0.0757813 0.558105
1 0.596094 0.479688 0.10625 0.071875 0.533203
1 0.599219 0.476562 0.117188 0.0914062 0.62793
1 0.599219 0.471484 0.115625 0.0921875 0.875977
1 0.598438 0.474219 0.11875 0.0890625 0.920898
1 0.601172 0.474219 0.117969 0.0875 0.877441
1 0.601562 0.478125 0.117188 0.08125 0.866211
1 0.601562 0.478125 0.1125 0.08125 0.812988
0 0.6 0.477344 0.115625 0.0859375 0.575684
1 0.600391 0.478906 0.115625 0.084375 0.551758
0 0.599219 0.476562 0.110938 0.0875 0.822266
1 0.599219 0.477734 0.1125 0.08125 0.699219
1 0.6 0.477344 0.117188 0.0859375 0.813477
1 0.600391 0.476562 0.110938 0.0820312 0.669922
0 0.601172 0.473437 0.116406 0.090625 0.547852
0 0.598828 0.477344 0.1125 0.0820312 0.538086
1 0.599219 0.473438 0.110938 0.0875 0.717773
1 0.6 0.476562 0.111719 0.084375 0.785156
1 0.599219 0.477344 0.110938 0.084375 0.6875
1 0.599219 0.479297 0.115625 0.0804687 0.591797
1 0.599219 0.478906 0.113281 0.078125 0.830566
1 0.599219 0.479297 0.1125 0.0820312 0.796387
1 0.6 0.477344 0.115625 0.0804687 0.771973
0 0.599219 0.477344 0.114062 0.084375 0.527344
0 0.599219 0.476172 0.1125 0.0835938 0.849121
0 0.598438 0.476172 0.110938 0.0796875 0.867188
0 0.598438 0.475781 0.10625 0.0765625 0.867188
1 0.598047 0.477344 0.110156 0.084375 0.72168
0 0.598438 0.474219 0.110156 0.0875 0.648926
0 0.6 0.474219 0.113281 0.0859375 0.717773
0 0.599219 0.476562 0.1125 0.090625 0.841797
0 0.598438 0.475 0.115625 0.0890625 0.882324
0 0.600391 0.475391 0.111719 0.0914063 0.704102
0 0.598047 0.474609 0.1125 0.0867188 0.672363
0 0.596875 0.473437 0.110937 0.0921875 0.598145
0 0.596094 0.474219 0.108594 0.0890625 0.762207
0 0.595703 0.474219 0.111719 0.0890625 0.868652
0 0.596875 0.473437 0.104687 0.0921875 0.796875
0 0.596875 0.474609 0.10625 0.0898438 0.722656
0 0.599219 0.475 0.110938 0.0890625 0.755859
0 0.598438 0.473438 0.1125 0.0875 0.65332
1 0.596484 0.479688 0.104688 0.0765625 0.620605
0 0.597266 0.476953 0.108594 0.08125 0.748535
1 0.594531 0.479688 0.101562 0.08125 0.585938
0 0.598047 0.473438 0.104688 0.0890625 0.685059
0 0.596875 0.473047 0.110937 0.0914063 0.679199
0 0.598828 0.473437 0.110937 0.0921875 0.788086
1 0.600781 0.474219 0.114063 0.0890625 0.805176
1 0.601172 0.474219 0.113281 0.0890625 0.630859
0 0.600781 0.476562 0.113281 0.0859375 0.844238
0 0.6 0.473438 0.1125 0.0890625 0.850586
0 0.600781 0.475391 0.110937 0.0820312 0.86377
0 0.598438 0.475781 0.110938 0.0828125 0.811035
0 0.598828 0.475781 0.110156 0.0828125 0.849609
0 0.599219 0.476562 0.110938 0.0804687 0.870117
0 0.599609 0.473047 0.113281 0.0882813 0.780762
0 0.600781 0.472266 0.1125 0.0898438 0.647949
0 0.599219 0.471875 0.115625 0.0914063 0.815918
0 0.599219 0.474219 0.1125 0.0859375 0.84668
0 0.598438 0.475 0.1125 0.084375 0.737305
0 0.599219 0.474219 0.1125 0.0875 0.679199
0 0.599219 0.476562 0.109375 0.084375 0.751953
0 0.6 0.475 0.1125 0.0859375 0.758301
0 0.6 0.474219 0.110937 0.0875 0.747559
0 0.598828 0.472656 0.1125 0.0890625 0.775391
0 0.598438 0.474219 0.1125 0.0859375 0.802734
0 0.600391 0.473438 0.1125 0.0875 0.759766
0 0.598437 0.474219 0.109375 0.0875 0.765625
0 0.600781 0.473438 0.110937 0.0875 0.816895
1 0.599609 0.474219 0.110156 0.090625 0.530273
0 0.600781 0.473438 0.111719 0.0890625 0.729492
0 0.599219 0.473437 0.110938 0.0898437 0.82959
1 0.600781 0.473438 0.1125 0.0890625 0.759766
0 0.599609 0.473438 0.109375 0.0875 0.753418
0 0.599219 0.473438 0.110938 0.0890625 0.802734
0 0.598828 0.473438 0.108594 0.0890625 0.793945
0 0.599219 0.472656 0.109375 0.0890625 0.728516
0 0.598828 0.473047 0.10625 0.0882813 0.728027
0 0.596875 0.473828 0.10625 0.0898438 0.769043
0 0.599219 0.474219 0.110938 0.0875 0.805176
0 0.598437 0.475 0.109375 0.0875 0.830566
0 0.596875 0.476562 0.107813 0.0890625 0.559082
1 0.599219 0.462891 0.110938 0.111719 0.751953
1 0.599219 0.469531 0.109375 0.1 0.544922
1 0.598438 0.472656 0.110938 0.0875 0.595703
0 0.599219 0.473438 0.109375 0.0890625 0.614258
1 0.599219 0.471875 0.110938 0.0890625 0.740234
0 0.600391 0.470703 0.111719 0.09375 0.560059
1 0.600781 0.471094 0.1125 0.09375 0.516602
0 0.598828 0.472656 0.109375 0.090625 0.763672
1 0.599219 0.472266 0.1125 0.09375 0.64502
0 0.6 0.471875 0.110937 0.0921875 0.652344
0 0.599609 0.474219 0.109375 0.0875 0.770508
0 0.598828 0.475781 0.109375 0.084375 0.759766
0 0.599219 0.474219 0.108594 0.0859375 0.758301
0 0.598828 0.472656 0.109375 0.0898438 0.596191
1 0.6 0.471875 0.110937 0.0921875 0.598145
1 0.6 0.473828 0.107813 0.0914063 0.765625
1 0.597656 0.472656 0.10625 0.090625 0.710449
1 0.598047 0.475781 0.108594 0.0820312 0.663574
0 0.599219 0.472656 0.107812 0.0882812 0.785156
0 0.6 0.474219 0.107813 0.0875 0.847656
0 0.599219 0.472656 0.109375 0.0890625 0.839355
0 0.599219 0.471094 0.107812 0.0921875 0.854492
0 0.599609 0.472266 0.108594 0.090625 0.851562
0 0.598438 0.472266 0.107812 0.0921875 0.873535
0 0.599219 0.473047 0.109375 0.090625 0.814453
0 0.597656 0.473828 0.107813 0.0882813 0.667969
0 0.598047 0.474219 0.108594 0.0859375 0.646973
0 0.597656 0.474219 0.105469 0.0875 0.641602
1 0.599219 0.471094 0.110938 0.096875 0.504883
0 0.597656 0.472656 0.103906 0.0875 0.854492
0 0.597656 0.473438 0.104688 0.0875 0.82373
0 0.598438 0.472266 0.107812 0.0890625 0.800781
0 0.599219 0.472656 0.107812 0.0898438 0.808105
0 0.6 0.472266 0.107813 0.090625 0.831055
0 0.598438 0.472266 0.107812 0.0898438 0.818848
0 0.598438 0.473047 0.107812 0.090625 0.789062
0 0.599219 0.473437 0.109375 0.0921875 0.793945
0 0.598437 0.472656 0.109375 0.090625 0.854004
0 0.599219 0.472656 0.110938 0.090625 0.845703
0 0.598828 0.473047 0.109375 0.0914063 0.836426
0 0.598047 0.472266 0.107813 0.090625 0.832031
0 0.597656 0.473047 0.108594 0.0898438 0.765625
0 0.597266 0.472656 0.107031 0.0921875 0.663574
0 0.598438 0.472656 0.104688 0.0921875 0.529297
0 0.598438 0.471875 0.104688 0.0921875 0.742188
0 0.597656 0.471875 0.103125 0.090625 0.766113
0 0.597656 0.472266 0.103125 0.0898438 0.805664
0 0.599609 0.472656 0.108594 0.090625 0.81543
0 0.599219 0.471875 0.107031 0.0921875 0.816406
0 0.598828 0.471875 0.105469 0.0921875 0.831055
0 0.599219 0.471875 0.10625 0.09375 0.847168
0 0.598438 0.471875 0.107812 0.0929687 0.834473
0 0.597656 0.471875 0.109375 0.0921875 0.818848
0 0.598438 0.471875 0.110938 0.0921875 0.805664
0 0.599219 0.471875 0.107812 0.0921875 0.773438
0 0.599219 0.471875 0.107812 0.0921875 0.750488
0 0.599219 0.471875 0.108594 0.0921875 0.73877
0 0.599219 0.471875 0.107812 0.0914063 0.79248
0 0.599219 0.471875 0.107031 0.0914063 0.796875
0 0.599219 0.471875 0.107031 0.090625 0.770996
0 0.599219 0.471875 0.107812 0.090625 0.728516
0 0.599219 0.471875 0.107812 0.0921875 0.722656
0 0.6 0.471484 0.107813 0.0921875 0.742188
0 0.6 0.471094 0.107813 0.0921875 0.739258
0 0.6 0.471484 0.108594 0.0929688 0.621582
1 0.600391 0.471875 0.110938 0.0953125 0.608398
1 0.6 0.471094 0.111719 0.096875 0.632324
0 0.6 0.471875 0.109375 0.0929687 0.521484
1 0.6 0.471875 0.110937 0.09375 0.637695
1 0.599609 0.471875 0.110156 0.09375 0.645996
0 0.599219 0.472656 0.107812 0.0921875 0.608398
1 0.599609 0.471875 0.109375 0.09375 0.555664
0 0.599219 0.472656 0.107031 0.0921875 0.683594
0 0.599219 0.471875 0.107031 0.0921875 0.713867
0 0.599219 0.471875 0.107812 0.0921875 0.671387
1 0.6 0.471875 0.109375 0.09375 0.519531
0 0.599219 0.472266 0.107812 0.0914063 0.65332
1 0.6 0.471875 0.109375 0.09375 0.536133
0 0.597656 0.474219 0.105469 0.0875 0.64502
