0 0.603125 0.482813 0.167188 0.132813 0.62793
1 0.603125 0.482813 0.167188 0.132813 0.626953
0 0.602734 0.480469 0.167187 0.136719 0.586914
0 0.603125 0.477344 0.171875 0.145313 0.688477
1 0.603125 0.477344 0.171875 0.145313 0.562012
0 0.607031 0.479688 0.16875 0.13125 0.712891
1 0.607031 0.479688 0.16875 0.13125 0.698242
1 0.607422 0.479688 0.167969 0.140625 0.704102
0 0.607422 0.479688 0.167969 0.140625 0.574707
1 0.749219 0.520313 0.0546875 0.0578125 0.548828
0 0.60625 0.482813 0.164062 0.142188 0.544922
1 0.749219 0.519922 0.05625 0.05625 0.509766
1 0.749609 0.520313 0.0554687 0.05625 0.507812
0 0.605469 0.479688 0.16875 0.144531 0.601074
1 0.603906 0.48125 0.165625 0.141406 0.523438
1 0.60625 0.480078 0.164062 0.135156 0.642578
0 0.604688 0.485156 0.1625 0.136719 0.521484
0 0.605078 0.484375 0.161719 0.132812 0.610352
1 0.604688 0.483203 0.165625 0.135938 0.599121
0 0.604688 0.483594 0.165625 0.133594 0.575684
0 0.603906 0.485156 0.164844 0.13125 0.623535
1 0.75 0.520703 0.053125 0.0609375 0.501953
0 0.604688 0.483594 0.159375 0.132812 0.665527
1 0.604297 0.48125 0.169531 0.132812 0.540039
1 0.60625 0.483984 0.164062 0.135938 0.53125
1 0.750781 0.520313 0.0546875 0.05625 0.555664
0 0.605469 0.483203 0.165625 0.13125 0.535156
0 0.605469 0.487891 0.165625 0.126563 0.688477
1 0.75 0.520313 0.0546875 0.05625 0.651367
0 0.60625 0.482812 0.16875 0.129687 0.754883
1 0.605078 0.486719 0.164844 0.130469 0.763672
0 0.60625 0.485547 0.164844 0.135156 0.602051
1 0.60625 0.484375 0.160937 0.129688 0.871094
1 0.749219 0.51875 0.0546875 0.059375 0.565918
1 0.605469 0.483984 0.164062 0.1375 0.868164
1 0.748438 0.519531 0.053125 0.0609375 0.654785
1 0.75 0.519531 0.053125 0.0625 0.911133
1 0.607031 0.482031 0.165625 0.13125 0.762207
1 0.749219 0.519922 0.053125 0.0585938 0.892578
1 0.607031 0.482812 0.167188 0.129687 0.74707
1 0.607813 0.479688 0.1625 0.135156 0.668945
1 0.748047 0.51875 0.0523437 0.0570313 0.655762
0 0.604688 0.480469 0.167187 0.129688 0.750488
0 0.607422 0.482422 0.160937 0.132031 0.791992
1 0.607031 0.482813 0.160937 0.134375 0.759766
1 0.603125 0.484766 0.175 0.133594 0.845215
1 0.603906 0.4875 0.166406 0.13125 0.743164
0 0.60625 0.482422 0.165625 0.132031 0.71875
1 0.749219 0.521094 0.053125 0.0578125 0.543945
1 0.608203 0.485547 0.157813 0.121875 0.540039
1 0.749219 0.520312 0.0546875 0.059375 0.626953
1 0.604297 0.478906 0.164062 0.1375 0.542969
1 0.605859 0.482813 0.164844 0.13125 0.802734
1 0.75 0.520703 0.05625 0.0585938 0.747559
1 0.605469 0.479688 0.160937 0.142188 0.537109
0 0.605078 0.478906 0.160156 0.140625 0.662598
0 0.604688 0.483594 0.1625 0.135937 0.561035
1 0.607031 0.485547 0.159375 0.128906 0.516602
0 0.60625 0.480469 0.160937 0.139844 0.700684
1 0.605469 0.482813 0.1625 0.135937 0.643555
1 0.749219 0.519531 0.0546875 0.059375 0.62793
1 0.604688 0.484375 0.165625 0.129688 0.71875
1 0.60625 0.484375 0.1625 0.125781 0.753418
0 0.605469 0.484375 0.1625 0.125781 0.760742
0 0.60625 0.484375 0.158594 0.128125 0.788574
0 0.606641 0.482813 0.157812 0.126563 0.755859
0 0.607031 0.481641 0.157813 0.123438 0.755859
1 0.605469 0.484766 0.164062 0.128906 0.789062
1 0.605469 0.484375 0.164062 0.124219 0.500977
0 0.605859 0.483594 0.163281 0.129688 0.680176
1 0.747656 0.520312 0.05625 0.059375 0.567871
1 0.605469 0.483594 0.165625 0.13125 0.53418
0 0.604297 0.482031 0.167969 0.126563 0.676758
1 0.747266 0.521094 0.0546875 0.0578125 0.559082
1 0.605469 0.482813 0.164062 0.13125 0.776855
1 0.748047 0.521094 0.0539063 0.0578125 0.583984
1 0.607031 0.480469 0.161719 0.135938 0.777832
1 0.749219 0.51875 0.0546875 0.059375 0.530273
1 0.609375 0.479688 0.159375 0.130469 0.678223
0 0.608594 0.479297 0.1625 0.13125 0.519531
1 0.607813 0.480469 0.1625 0.134375 0.800781
1 0.748438 0.519531 0.053125 0.059375 0.67334
1 0.607031 0.480469 0.164062 0.140625 0.583984
1 0.748438 0.519531 0.053125 0.0578125 0.504883
0 0.607031 0.480859 0.160937 0.132813 0.788574
0 0.60625 0.478906 0.159375 0.142188 0.816895
0 0.750781 0.520312 0.053125 0.059375 0.504883
0 0.60625 0.478125 0.160937 0.142969 0.80127
0 0.60625 0.479688 0.1625 0.139063 0.724121
1 0.749219 0.520312 0.05625 0.059375 0.65918
1 0.75 0.520313 0.05625 0.0601563 0.739258
0 0.605469 0.480078 0.164062 0.139062 0.731934
1 0.749219 0.520312 0.0578125 0.0609375 0.765625
0 0.604688 0.481641 0.161719 0.134375 0.599121
1 0.60625 0.48125 0.157813 0.136719 0.503906
0 0.607031 0.483984 0.159375 0.128125 0.728516
1 0.749219 0.519531 0.05625 0.059375 0.582031
1 0.603906 0.485156 0.159375 0.134375 0.619629
1 0.748438 0.520312 0.05625 0.0609375 0.522461
0 0.606641 0.482031 0.160156 0.134375 0.73584
0 0.60625 0.478125 0.159375 0.142188 0.518555
0 0.608203 0.48125 0.161719 0.13125 0.776855
1 0.60625 0.482813 0.164844 0.13125 0.86084
1 0.605469 0.48125 0.165625 0.134375 0.843262
1 0.747656 0.520703 0.053125 0.0601563 0.634277
0 0.606641 0.483594 0.164062 0.128906 0.847656
1 0.749219 0.520313 0.053125 0.0578125 0.655762
0 0.607813 0.48125 0.1625 0.13125 0.703125
1 0.749219 0.519531 0.0546875 0.059375 0.514648
0 0.60625 0.483984 0.160937 0.128125 0.577637
0 0.605078 0.484375 0.160937 0.13125 0.648926
1 0.60625 0.483594 0.160937 0.13125 0.598145
1 0.605469 0.484375 0.161719 0.128125 0.785156
0 0.607422 0.482813 0.160937 0.132813 0.784668
1 0.607813 0.483203 0.160156 0.135156 0.765625
1 0.749219 0.520312 0.0546875 0.0609375 0.643555
1 0.607422 0.478125 0.166406 0.1375 0.595703
1 0.60625 0.484375 0.165625 0.126562 0.638672
1 0.75 0.520312 0.05625 0.059375 0.583984
0 0.60625 0.48125 0.165625 0.136719 0.818359
1 0.750781 0.519531 0.059375 0.0609375 0.541992
1 0.607031 0.479688 0.167188 0.135937 0.57373
1 0.750781 0.519141 0.0578125 0.0585938 0.522461
1 0.605469 0.482031 0.16875 0.1375 0.745605
1 0.75 0.519922 0.0578125 0.0585938 0.538086
1 0.605859 0.48125 0.167969 0.1375 0.680664
1 0.750781 0.519531 0.0578125 0.0578125 0.583984
0 0.606641 0.483984 0.163281 0.130469 0.560059
1 0.60625 0.48125 0.165625 0.132812 0.565918
1 0.607031 0.482422 0.160937 0.134375 0.808594
0 0.75 0.521094 0.0578125 0.059375 0.589844
1 0.607031 0.480469 0.1625 0.139062 0.760742
1 0.604688 0.481641 0.165625 0.135156 0.827148
0 0.60625 0.480469 0.164062 0.132812 0.720215
1 0.605469 0.482031 0.165625 0.128125 0.867676
1 0.748828 0.520312 0.0554687 0.059375 0.651367
1 0.607422 0.480469 0.164062 0.134375 0.855469
1 0.749219 0.520703 0.05625 0.059375 0.730957
1 0.605859 0.481641 0.169531 0.128125 0.874512
1 0.604688 0.482031 0.165625 0.130469 0.777344
0 0.749219 0.520312 0.0578125 0.059375 0.663574
1 0.607031 0.480859 0.16875 0.136719 0.828613
1 0.75 0.520312 0.059375 0.0585937 0.596191
0 0.606641 0.478125 0.164844 0.136719 0.811035
1 0.749219 0.521094 0.0578125 0.0585938 0.712402
0 0.607813 0.478125 0.165625 0.1375 0.825195
1 0.750391 0.521094 0.0585938 0.059375 0.604004
0 0.60625 0.479688 0.160937 0.134375 0.819336
0 0.607031 0.479297 0.1625 0.134375 0.643555
1 0.75 0.520312 0.05625 0.059375 0.565918
1 0.607813 0.479688 0.167188 0.135937 0.517578
1 0.75 0.520312 0.05625 0.059375 0.716797
0 0.607031 0.477344 0.160937 0.135938 0.661133
0 0.605469 0.479688 0.159375 0.134375 0.794434
1 0.75 0.520312 0.05625 0.0609375 0.71875
0 0.605469 0.482031 0.160937 0.13125 0.792969
0 0.60625 0.482422 0.159375 0.133594 0.858398
1 0.607031 0.479688 0.159375 0.139063 0.70166
1 0.608984 0.476172 0.166406 0.139844 0.850586
1 0.608203 0.477734 0.163281 0.139844 0.850586
1 0.606641 0.475781 0.160938 0.135937 0.903809
0 0.750781 0.520312 0.0578125 0.0585937 0.552734
1 0.607813 0.478906 0.164062 0.1375 0.881836
1 0.607031 0.477344 0.1625 0.132812 0.897461
1 0.608594 0.479688 0.164062 0.132812 0.751465
0 0.607031 0.485156 0.164062 0.128125 0.790039
1 0.607031 0.484375 0.170312 0.128125 0.665527
1 0.749609 0.520703 0.0570312 0.0609375 0.605957
0 0.608594 0.479297 0.167187 0.139844 0.744629
1 0.75 0.520312 0.05625 0.0609375 0.673828
0 0.607031 0.479688 0.165625 0.135937 0.867676
1 0.75 0.521094 0.0578125 0.059375 0.6875
1 0.60625 0.479688 0.167188 0.132812 0.732422
0 0.607031 0.480078 0.165625 0.133594 0.622559
1 0.750781 0.521094 0.059375 0.0578125 0.513672
1 0.607031 0.479688 0.1625 0.135937 0.84375
0 0.605469 0.478906 0.160156 0.135937 0.860352
0 0.605078 0.479688 0.164062 0.132031 0.883789
1 0.605859 0.476562 0.163281 0.1375 0.731934
1 0.605469 0.476562 0.160937 0.140625 0.803223
1 0.605469 0.477734 0.165625 0.138281 0.887207
1 0.607031 0.478125 0.165625 0.142188 0.666992
0 0.607031 0.477344 0.164062 0.142188 0.553711
1 0.607031 0.479688 0.164062 0.140625 0.695312
0 0.607813 0.479688 0.1625 0.140625 0.548828
1 0.60625 0.478906 0.1625 0.140625 0.715332
0 0.604297 0.478125 0.166406 0.138281 0.89209
0 0.751562 0.520312 0.059375 0.0609375 0.529297
0 0.606641 0.478125 0.161719 0.1375 0.911621
0 0.751562 0.520312 0.059375 0.0609375 0.517578
0 0.607031 0.477344 0.165625 0.142969 0.932617
1 0.607813 0.478125 0.16875 0.14375 0.651367
0 0.608203 0.477344 0.166406 0.142188 0.620605
0 0.607813 0.478906 0.165625 0.139844 0.740234
1 0.60625 0.479688 0.167188 0.14375 0.625977
0 0.608594 0.479688 0.164844 0.135937 0.801758
1 0.607031 0.478906 0.167188 0.140625 0.533203
1 0.607813 0.477734 0.165625 0.140625 0.750488
0 0.609375 0.478125 0.164062 0.139062 0.611328
1 0.608594 0.476562 0.164844 0.140625 0.927734
1 0.60625 0.477344 0.1625 0.1375 0.737305
1 0.60625 0.479688 0.160156 0.134375 0.676758
1 0.605469 0.478125 0.1625 0.134375 0.872559
1 0.750781 0.520312 0.0578125 0.059375 0.515625
1 0.605469 0.479688 0.1625 0.1375 0.903809
1 0.75 0.520312 0.0578125 0.059375 0.537109
1 0.607031 0.478906 0.1625 0.139063 0.911621
1 0.607031 0.478516 0.161719 0.139062 0.85498
0 0.607031 0.481641 0.1625 0.1375 0.784668
1 0.606641 0.479688 0.164062 0.139844 0.597168
0 0.606641 0.480469 0.163281 0.139062 0.795898
1 0.606641 0.478906 0.164062 0.140625 0.512695
0 0.606641 0.48125 0.164062 0.134375 0.801758
0 0.607031 0.482031 0.164062 0.13125 0.708984
1 0.60625 0.48125 0.1625 0.136719 0.556641
0 0.607031 0.482813 0.1625 0.132813 0.556641
0 0.605469 0.480469 0.160937 0.135938 0.818848
0 0.605469 0.48125 0.1625 0.134375 0.818848
0 0.605469 0.480078 0.159375 0.136719 0.793945
0 0.605469 0.479688 0.160156 0.135937 0.690918
1 0.605469 0.478125 0.161719 0.1375 0.552734
0 0.60625 0.479688 0.160156 0.1375 0.660156
1 0.60625 0.478906 0.1625 0.139063 0.562012
0 0.605469 0.477734 0.159375 0.139844 0.768555
0 0.604688 0.478125 0.157812 0.138281 0.642578
1 0.605078 0.477344 0.160156 0.140625 0.519531
0 0.604297 0.480469 0.158594 0.134375 0.84375
0 0.60625 0.48125 0.1625 0.134375 0.819824
0 0.605469 0.480469 0.161719 0.132812 0.790039
1 0.605078 0.478125 0.1625 0.134375 0.513672
0 0.605469 0.480469 0.159375 0.132812 0.827637
0 0.605469 0.480469 0.159375 0.135938 0.902832
0 0.604688 0.480469 0.159375 0.133594 0.901367
0 0.603906 0.479688 0.159375 0.132812 0.885742
0 0.604688 0.480078 0.160938 0.133594 0.874023
0 0.604688 0.480469 0.160156 0.135938 0.852051
0 0.604688 0.48125 0.159375 0.134375 0.841797
0 0.604688 0.48125 0.159375 0.132812 0.849121
1 0.604688 0.478906 0.160938 0.135937 0.50293
0 0.604688 0.482031 0.159375 0.132813 0.901367
0 0.604688 0.481641 0.159375 0.135156 0.910645
0 0.604688 0.48125 0.159375 0.135938 0.901855
0 0.604688 0.480859 0.159375 0.135156 0.878906
0 0.604688 0.479688 0.159375 0.135937 0.864258
0 0.604688 0.479297 0.160156 0.136719 0.859863
1 0.604688 0.478125 0.161719 0.139062 0.511719
0 0.604688 0.479688 0.159375 0.135937 0.896484
0 0.604688 0.479688 0.159375 0.135937 0.895508
0 0.604297 0.479688 0.160156 0.136719 0.881836
0 0.604688 0.479688 0.159375 0.135937 0.878418
0 0.604688 0.479688 0.159375 0.135937 0.869629
1 0.604688 0.478516 0.160938 0.138281 0.567871
0 0.604688 0.479688 0.159375 0.135937 0.896484
0 0.604688 0.479688 0.159375 0.1375 0.901367
0 0.605078 0.479688 0.159375 0.1375 0.903809
0 0.605078 0.479688 0.159375 0.1375 0.899902
0 0.605469 0.479688 0.159375 0.135937 0.89502
1 0.604688 0.478906 0.160938 0.139063 0.526367
1 0.607813 0.477734 0.165625 0.140625 0.750488
0 0.609375 0.478125 0.164062 0.139062 0.611328
