1 0.692188 0.476562 0.075 0.0671875 0.787109
1 0.692969 0.478125 0.0828125 0.0625 0.607422
0 0.716406 0.466797 0.121875 0.0882812 0.536133
1 0.71875 0.466406 0.129687 0.09375 0.503906
1 0.715625 0.471875 0.120313 0.0984375 0.63623
1 0.724219 0.467188 0.142188 0.0953125 0.703125
1 0.724219 0.472266 0.1375 0.101563 0.536133
1 0.714063 0.467188 0.119531 0.0953125 0.503906
0 0.711719 0.465625 0.119531 0.0890625 0.538086
0 0.721094 0.464844 0.135938 0.0945313 0.542969
1 0.724219 0.467188 0.139062 0.09375 0.583008
1 0.723047 0.464063 0.138281 0.0953125 0.847656
1 0.725 0.464844 0.140625 0.0921875 0.910645
1 0.725 0.466797 0.140625 0.0898438 0.808105
1 0.723047 0.467578 0.146094 0.09375 0.691895
1 0.721094 0.466406 0.139063 0.090625 0.70166
0 0.71875 0.466406 0.134375 0.090625 0.553711
0 0.713281 0.464844 0.120313 0.09375 0.695801
1 0.711719 0.466016 0.114062 0.0875 0.849609
1 0.714844 0.464063 0.125 0.0875 0.853516
1 0.711328 0.464063 0.111719 0.090625 0.708008
0 0.713281 0.464844 0.115625 0.090625 0.60498
0 0.725391 0.463672 0.144531 0.0921875 0.840332
0 0.713672 0.465234 0.121094 0.090625 0.744629
0 0.711719 0.464453 0.120313 0.0953125 0.513672
1 0.714063 0.465625 0.121875 0.0890625 0.844238
1 0.7125 0.467969 0.125 0.0875 0.705078
1 0.712109 0.467187 0.121875 0.090625 0.631836
1 0.724219 0.466406 0.140625 0.09375 0.671387
1 0.726562 0.465625 0.142187 0.0921875 0.728027
0 0.728125 0.464453 0.148438 0.0929688 0.609375
1 0.721875 0.467578 0.1375 0.090625 0.716797
0 0.726172 0.466406 0.146094 0.0945312 0.550781
0 0.723828 0.466406 0.146094 0.0953125 0.790527
0 0.725 0.466016 0.145312 0.0960938 0.82666
0 0.721875 0.465625 0.1375 0.09375 0.788574
0 0.723438 0.466406 0.142188 0.0890625 0.754883
1 0.721875 0.46875 0.142187 0.0882812 0.663574
1 0.720703 0.467969 0.133594 0.0875 0.572754
0 0.719531 0.467187 0.135938 0.0945312 0.600098
0 0.71875 0.466406 0.129687 0.0890625 0.519531
0 0.721484 0.465625 0.135156 0.09375 0.744141
0 0.722656 0.464844 0.146875 0.0921875 0.838867
0 0.717188 0.466406 0.128125 0.090625 0.662109
1 0.710938 0.46875 0.114062 0.0859375 0.539062
1 0.711719 0.46875 0.11875 0.0859375 0.754395
1 0.715234 0.46875 0.128906 0.0859375 0.623535
1 0.714844 0.465625 0.129687 0.0921875 0.74707
0 0.723438 0.466016 0.142188 0.09375 0.782715
0 0.722656 0.466406 0.1375 0.0929688 0.791992
0 0.720703 0.466406 0.135156 0.0921875 0.778809
0 0.723047 0.466406 0.138281 0.0914063 0.821777
0 0.723437 0.465625 0.140625 0.09375 0.842285
0 0.720312 0.466406 0.139062 0.0921875 0.750488
0 0.721875 0.467188 0.135937 0.0890625 0.682617
1 0.721875 0.465234 0.1375 0.0929687 0.73877
0 0.725 0.465625 0.14375 0.0921875 0.779785
1 0.725781 0.464844 0.148438 0.096875 0.756836
0 0.725781 0.46875 0.140625 0.1 0.613281
1 0.725781 0.465625 0.146875 0.0953125 0.533203
1 0.723828 0.465234 0.142969 0.0914063 0.844238
1 0.724219 0.464844 0.140625 0.0921875 0.806152
0 0.725 0.467969 0.140625 0.0875 0.851562
0 0.725 0.467188 0.142187 0.0929687 0.879395
0 0.725391 0.467187 0.144531 0.090625 0.849609
0 0.725 0.466406 0.146875 0.090625 0.730957
0 0.726172 0.467188 0.144531 0.0921875 0.850586
0 0.725391 0.468359 0.142969 0.090625 0.791992
0 0.724219 0.466406 0.14375 0.0929688 0.865723
0 0.724219 0.467188 0.142188 0.0929687 0.847656
0 0.725 0.467188 0.142187 0.0953125 0.919922
0 0.725 0.467188 0.140625 0.0921875 0.86377
0 0.723438 0.466406 0.142188 0.09375 0.864746
0 0.724609 0.467188 0.144531 0.0921875 0.842285
1 0.725 0.467578 0.146875 0.090625 0.653809
0 0.724609 0.467578 0.142969 0.0921875 0.567871
0 0.725 0.465625 0.145312 0.0914063 0.617676
1 0.725 0.466797 0.146875 0.090625 0.564941
0 0.725781 0.467578 0.14375 0.0929688 0.711426
0 0.725781 0.467188 0.145313 0.0953125 0.647949
1 0.724219 0.466406 0.14375 0.09375 0.868164
1 0.725781 0.466797 0.14375 0.0945313 0.644043
0 0.726562 0.469531 0.14375 0.096875 0.542969
0 0.725 0.470313 0.14375 0.09375 0.806152
0 0.724219 0.467188 0.14375 0.09375 0.833984
1 0.724609 0.466406 0.141406 0.0921875 0.816895
1 0.723047 0.465625 0.139844 0.0921875 0.87207
1 0.726172 0.466797 0.146094 0.0898438 0.625
0 0.725 0.467578 0.142187 0.090625 0.570801
0 0.723437 0.46875 0.140625 0.0914062 0.86084
0 0.724609 0.467188 0.141406 0.09375 0.827148
0 0.723047 0.467187 0.138281 0.090625 0.881836
0 0.724219 0.467187 0.140625 0.090625 0.874512
0 0.719531 0.466406 0.134375 0.0921875 0.86377
0 0.723047 0.466406 0.139844 0.0929688 0.844238
0 0.715234 0.466406 0.122656 0.0921875 0.825195
0 0.709766 0.46875 0.116406 0.0875 0.86377
0 0.717969 0.469141 0.129688 0.0898438 0.814453
0 0.723828 0.46875 0.141406 0.0890625 0.905762
0 0.721875 0.467969 0.140625 0.0890625 0.886719
0 0.726562 0.467188 0.14375 0.0921875 0.910645
0 0.726562 0.469141 0.142187 0.090625 0.883789
0 0.724219 0.467969 0.140625 0.0914063 0.59082
1 0.724609 0.467969 0.141406 0.0921875 0.517578
0 0.726562 0.46875 0.14375 0.0929688 0.737793
1 0.726562 0.467188 0.146875 0.0921875 0.84375
1 0.725781 0.464453 0.146875 0.0976563 0.70752
0 0.725391 0.467969 0.142969 0.0921875 0.833984
0 0.726172 0.467188 0.142969 0.0929687 0.770508
0 0.726172 0.466406 0.139844 0.09375 0.857422
0 0.725 0.467188 0.140625 0.0921875 0.891602
0 0.725781 0.467188 0.145313 0.09375 0.875488
0 0.725781 0.467969 0.145313 0.09375 0.878906
0 0.725 0.466797 0.145312 0.0960937 0.868164
0 0.725 0.46875 0.14375 0.096875 0.768555
1 0.725391 0.466406 0.146094 0.0953125 0.543945
1 0.725 0.466406 0.142187 0.0960937 0.76709
0 0.722656 0.468359 0.1375 0.0960937 0.800293
0 0.725 0.46875 0.14375 0.09375 0.685059
1 0.725 0.467188 0.14375 0.0929687 0.586914
0 0.726562 0.467969 0.142187 0.0960938 0.822754
0 0.727344 0.471484 0.139062 0.096875 0.838379
0 0.726172 0.46875 0.142969 0.09375 0.84668
0 0.726562 0.467969 0.14375 0.09375 0.881348
0 0.726562 0.467969 0.14375 0.0929687 0.875488
0 0.726172 0.467969 0.144531 0.0984375 0.896484
0 0.725781 0.467969 0.14375 0.096875 0.875488
0 0.723438 0.469141 0.142188 0.0976563 0.74707
1 0.724219 0.46875 0.14375 0.0953125 0.702637
1 0.725 0.467187 0.14375 0.0945312 0.830078
1 0.725781 0.467188 0.145313 0.0953125 0.88623
0 0.725 0.467969 0.140625 0.0953125 0.900391
0 0.725 0.46875 0.139063 0.0953125 0.887695
0 0.725781 0.467188 0.142187 0.0953125 0.75
0 0.725391 0.466797 0.141406 0.0953125 0.754883
0 0.726172 0.466016 0.142969 0.0945313 0.696777
1 0.725 0.464063 0.140625 0.09375 0.588867
1 0.724219 0.464063 0.140625 0.09375 0.683594
0 0.725781 0.465625 0.142187 0.09375 0.559082
0 0.725391 0.467188 0.142969 0.0953125 0.818848
0 0.725781 0.467188 0.14375 0.096875 0.862305
0 0.725 0.46875 0.14375 0.0953125 0.917969
0 0.725781 0.469531 0.145313 0.0953125 0.919434
0 0.725781 0.469531 0.14375 0.096875 0.902832
0 0.725 0.467578 0.142187 0.0945313 0.908691
0 0.724219 0.467188 0.142188 0.09375 0.908691
0 0.724219 0.466797 0.142188 0.0945313 0.907227
0 0.724219 0.466406 0.14375 0.0953125 0.898926
0 0.725 0.467188 0.14375 0.0953125 0.900391
0 0.724219 0.466797 0.14375 0.0960937 0.907227
0 0.724219 0.466406 0.14375 0.0953125 0.887207
0 0.724219 0.467188 0.14375 0.09375 0.89502
0 0.725 0.467969 0.14375 0.09375 0.892578
0 0.725 0.467188 0.14375 0.0929687 0.892578
0 0.725 0.467188 0.14375 0.0921875 0.911621
0 0.724219 0.467187 0.142188 0.0945312 0.921875
0 0.724219 0.467188 0.140625 0.09375 0.908203
0 0.724219 0.467188 0.142188 0.0921875 0.873047
0 0.724609 0.467969 0.142969 0.0921875 0.848145
0 0.725 0.468359 0.140625 0.0953125 0.785156
1 0.725 0.466406 0.142187 0.09375 0.503906
0 0.725 0.46875 0.140625 0.0953125 0.748535
1 0.725391 0.466406 0.142969 0.09375 0.617676
0 0.724219 0.46875 0.142188 0.0953125 0.747559
1 0.725781 0.466406 0.145313 0.0929688 0.596191
0 0.725 0.467969 0.14375 0.0945313 0.856934
0 0.724609 0.467969 0.142969 0.09375 0.907227
0 0.725 0.467969 0.142187 0.09375 0.901855
0 0.725 0.467969 0.142187 0.09375 0.888184
0 0.725 0.467969 0.142187 0.0945313 0.891602
0 0.725781 0.467969 0.142187 0.0953125 0.899902
0 0.725781 0.468359 0.142187 0.0960937 0.90332
0 0.725781 0.46875 0.142187 0.0984375 0.88623
0 0.725781 0.469141 0.14375 0.0984375 0.864258
0 0.726172 0.469141 0.142969 0.0984375 0.847168
0 0.726172 0.46875 0.142969 0.0984375 0.812988
0 0.726172 0.469141 0.142969 0.0976563 0.835449
0 0.725781 0.46875 0.142187 0.096875 0.848145
0 0.725781 0.46875 0.142187 0.096875 0.85791
0 0.725781 0.46875 0.142187 0.096875 0.832031
0 0.725781 0.46875 0.142187 0.096875 0.818848
1 0.725 0.467187 0.14375 0.0945312 0.829102
