1 0.275 0.467969 0.45 0.464062 0.67334
1 0.375 0.462109 0.45 0.475 0.592773
1 0.325 0.421875 0.45 0.452344 0.574707
1 0.517969 0.280273 0.0664063 0.0691406 0.631836
0 0.514844 0.280078 0.0640625 0.0667969 0.796387
1 0.517578 0.280273 0.0679687 0.0722656 0.73877
1 0.521094 0.282031 0.071875 0.0714844 0.514648
0 0.517187 0.277734 0.06875 0.0679688 0.751465
1 0.51875 0.280078 0.0625 0.071875 0.811523
0 0.518359 0.282813 0.0679688 0.06875 0.808105
0 0.516406 0.280078 0.071875 0.0710938 0.543945
1 0.514844 0.280078 0.0703125 0.0703125 0.541016
1 0.517969 0.280664 0.0671875 0.0742187 0.716309
0 0.517969 0.280664 0.0671875 0.0742187 0.607422
1 0.516797 0.281055 0.0710938 0.0707031 0.560059
0 0.516406 0.281641 0.0671875 0.0734375 0.551758
0 0.517969 0.281836 0.0679688 0.0675781 0.678223
1 0.517969 0.281836 0.0679688 0.0675781 0.551758
0 0.515625 0.279687 0.06875 0.0695312 0.588867
1 0.515625 0.282422 0.06875 0.0703125 0.634277
1 0.516797 0.281641 0.0710938 0.0734375 0.526367
1 0.517969 0.280469 0.0664063 0.0703125 0.796875
0 0.517969 0.280469 0.0664063 0.0703125 0.622559
0 0.517969 0.280469 0.0664063 0.0710938 0.755859
1 0.517969 0.280469 0.0664063 0.0710938 0.725586
0 0.517969 0.282031 0.0640625 0.0710938 0.595703
0 0.517187 0.280664 0.0648437 0.0699219 0.546875
1 0.516406 0.282227 0.0695313 0.0703125 0.547852
1 0.517187 0.278125 0.06875 0.0734375 0.510742
0 0.517969 0.281836 0.0671875 0.0683594 0.59375
1 0.518359 0.281641 0.0695313 0.0710938 0.625977
1 0.516016 0.282031 0.06875 0.071875 0.504883
0 0.517969 0.28125 0.06875 0.0703125 0.589844
1 0.517969 0.28125 0.06875 0.0703125 0.562988
0 0.517188 0.281445 0.0703125 0.0722656 0.751953
0 0.517578 0.281641 0.0671875 0.0710938 0.541016
1 0.516406 0.280469 0.065625 0.0671875 0.757812
1 0.517187 0.279688 0.0671875 0.0710938 0.59375
1 0.517188 0.282422 0.0703125 0.071875 0.751953
1 0.517969 0.279687 0.06875 0.0695312 0.861816
0 0.517187 0.280859 0.06875 0.0734375 0.71875
1 0.516406 0.281836 0.0671875 0.0738281 0.694336
1 0.518359 0.280078 0.0679688 0.0734375 0.78125
1 0.516016 0.28125 0.0671875 0.071875 0.790527
1 0.516016 0.28125 0.0671875 0.0703125 0.805664
1 0.516797 0.281641 0.0703125 0.0726563 0.710449
1 0.516406 0.28125 0.0703125 0.0703125 0.648926
1 0.515234 0.281641 0.0632812 0.065625 0.647949
1 0.517969 0.280859 0.071875 0.071875 0.609375
0 0.517187 0.281641 0.0632812 0.0703125 0.609375
0 0.516406 0.28125 0.075 0.0765625 0.520508
1 0.516797 0.280859 0.0671875 0.0691406 0.559082
1 0.517578 0.280078 0.0671875 0.0734375 0.86084
1 0.517969 0.280859 0.071875 0.0726563 0.839844
1 0.516797 0.280859 0.0695312 0.0710938 0.53125
1 0.517187 0.279688 0.0671875 0.0710938 0.602051
1 0.517187 0.282031 0.065625 0.0742188 0.53418
1 0.516797 0.280859 0.0648438 0.0710938 0.646973
0 0.517187 0.280664 0.0695313 0.0691406 0.581543
1 0.516797 0.281641 0.0664062 0.0726563 0.544922
0 0.517578 0.280469 0.071875 0.0703125 0.896973
0 0.517187 0.28125 0.065625 0.0679688 0.716797
0 0.516016 0.281836 0.0671875 0.0683594 0.78418
0 0.517188 0.28125 0.0664063 0.0695312 0.905273
1 0.514844 0.282422 0.071875 0.0726562 0.546875
1 0.517187 0.28125 0.0671875 0.0714844 0.550781
0 0.514844 0.28125 0.06875 0.0695312 0.666992
0 0.516797 0.280859 0.0710938 0.0683594 0.523438
0 0.517969 0.282031 0.0640625 0.0734375 0.691895
1 0.516406 0.280859 0.0695313 0.06875 0.572754
1 0.516406 0.28125 0.065625 0.0707031 0.858398
1 0.516406 0.280859 0.0671875 0.0710938 0.806152
1 0.515625 0.282031 0.0703125 0.0695312 0.646973
1 0.516406 0.279687 0.06875 0.0726563 0.86377
1 0.516797 0.279492 0.0671875 0.071875 0.860352
0 0.515625 0.280078 0.06875 0.0714844 0.522461
1 0.517187 0.280859 0.065625 0.0726563 0.556641
1 0.517187 0.280859 0.065625 0.071875 0.605957
1 0.516406 0.28125 0.06875 0.0691406 0.731934
1 0.517187 0.280469 0.0695313 0.0695313 0.791016
1 0.517188 0.279688 0.0703125 0.0730469 0.762695
0 0.517187 0.280469 0.06875 0.0710938 0.76123
1 0.516406 0.280273 0.0679688 0.071875 0.740723
0 0.517188 0.28125 0.0679688 0.0695312 0.685059
0 0.516016 0.280859 0.0679688 0.071875 0.706543
0 0.517187 0.280078 0.065625 0.071875 0.90625
0 0.516406 0.28125 0.065625 0.0710937 0.564941
1 0.516797 0.281641 0.0664062 0.0710938 0.522461
0 0.517187 0.280078 0.065625 0.06875 0.776855
1 0.517578 0.28125 0.06875 0.0695312 0.870117
1 0.517187 0.282031 0.0671875 0.06875 0.620605
1 0.516406 0.280469 0.0703125 0.0726562 0.615234
0 0.516797 0.280273 0.06875 0.0714844 0.59375
1 0.516797 0.280469 0.0679688 0.0710938 0.890625
1 0.516406 0.280469 0.06875 0.0734375 0.86377
0 0.515625 0.28125 0.0671875 0.0726563 0.754395
1 0.516797 0.280273 0.0695312 0.0738281 0.572754
0 0.516016 0.281445 0.06875 0.0746094 0.572754
1 0.517187 0.28125 0.06875 0.0703125 0.848633
1 0.517187 0.282422 0.06875 0.0726562 0.611328
1 0.515625 0.280469 0.06875 0.0734375 0.53418
0 0.516797 0.28125 0.0679688 0.0695312 0.75
0 0.517578 0.280859 0.0679687 0.0703125 0.71875
0 0.515625 0.28125 0.0671875 0.0703125 0.71875
0 0.516406 0.280469 0.0671875 0.0703125 0.919434
0 0.516797 0.282031 0.0671875 0.0695312 0.820801
0 0.517187 0.282031 0.0671875 0.0710938 0.741699
0 0.517187 0.281445 0.0671875 0.0703125 0.785156
0 0.515234 0.281445 0.0664063 0.0707031 0.921387
1 0.516406 0.281055 0.06875 0.0726562 0.756348
0 0.515234 0.281836 0.0679688 0.0714844 0.885742
0 0.516406 0.28125 0.0695313 0.0734375 0.90332
0 0.515234 0.280664 0.06875 0.0730469 0.903809
0 0.514844 0.280469 0.06875 0.0734375 0.899902
0 0.515625 0.280078 0.0679687 0.0726562 0.872559
0 0.515625 0.280273 0.06875 0.0730469 0.759277
0 0.516406 0.280273 0.0703125 0.0738281 0.78418
0 0.516406 0.280273 0.06875 0.0722656 0.866211
0 0.515625 0.280859 0.0671875 0.0710938 0.834473
0 0.516406 0.279883 0.0679688 0.0714844 0.896484
0 0.516406 0.280859 0.0671875 0.0695313 0.913086
0 0.516797 0.280078 0.06875 0.0707031 0.84082
0 0.516797 0.280469 0.0679688 0.0710938 0.878418
1 0.515625 0.281445 0.0671875 0.0726562 0.765625
1 0.516406 0.280078 0.0679688 0.071875 0.704102
0 0.515625 0.280859 0.0664062 0.0703125 0.874023
0 0.515625 0.280664 0.06875 0.0714844 0.744629
0 0.515625 0.280859 0.06875 0.0726563 0.762207
0 0.515625 0.280469 0.06875 0.0710938 0.889648
0 0.515625 0.280469 0.06875 0.071875 0.90332
0 0.516406 0.28125 0.0671875 0.0703125 0.848145
0 0.515625 0.280469 0.0671875 0.0703125 0.78418
0 0.514844 0.282031 0.06875 0.071875 0.782227
1 0.515625 0.282422 0.0671875 0.0722656 0.753418
1 0.516016 0.281641 0.0679688 0.0722656 0.602051
0 0.515625 0.281641 0.06875 0.0703125 0.65332
0 0.516406 0.280469 0.0671875 0.0703125 0.891602
0 0.516016 0.28125 0.0664063 0.0695312 0.902832
0 0.516016 0.28125 0.0671875 0.0703125 0.875977
0 0.516406 0.280859 0.0671875 0.0726563 0.921875
0 0.516406 0.281641 0.0671875 0.071875 0.925293
0 0.515625 0.28125 0.0671875 0.0726563 0.899902
0 0.515625 0.280859 0.0671875 0.071875 0.660156
0 0.516016 0.28125 0.0664063 0.071875 0.766113
0 0.516406 0.28125 0.0664062 0.0710937 0.809082
0 0.516016 0.280859 0.065625 0.0722656 0.791992
1 0.516406 0.28125 0.0671875 0.071875 0.824219
0 0.516406 0.280273 0.065625 0.0722656 0.833496
0 0.516406 0.280859 0.0671875 0.0726563 0.833496
1 0.515625 0.281836 0.0679687 0.0722656 0.546875
0 0.516016 0.280859 0.0679688 0.071875 0.721191
0 0.516016 0.280664 0.0679688 0.0703125 0.795898
0 0.516016 0.28125 0.06875 0.0714844 0.854004
0 0.516406 0.280859 0.06875 0.071875 0.851074
0 0.516016 0.280859 0.0695312 0.071875 0.810547
0 0.516016 0.28125 0.0695312 0.071875 0.692871
0 0.515625 0.282031 0.06875 0.071875 0.801758
0 0.514844 0.281445 0.06875 0.071875 0.841797
0 0.516406 0.281641 0.06875 0.071875 0.746094
1 0.516016 0.281641 0.0671875 0.0722656 0.555664
1 0.515625 0.280859 0.0671875 0.0726563 0.84082
1 0.515625 0.281641 0.06875 0.0726563 0.836426
0 0.516797 0.28125 0.0679688 0.071875 0.596191
0 0.516406 0.28125 0.0671875 0.0703125 0.715332
0 0.516016 0.281641 0.0671875 0.0703125 0.856934
0 0.516016 0.281836 0.0671875 0.0726563 0.844727
0 0.515625 0.28125 0.0671875 0.0714844 0.816406
0 0.515625 0.28125 0.065625 0.071875 0.835449
0 0.516406 0.281641 0.0671875 0.0734375 0.866211
0 0.516016 0.281641 0.0671875 0.071875 0.844727
0 0.515625 0.281055 0.06875 0.0710938 0.823242
0 0.515625 0.28125 0.06875 0.071875 0.824219
0 0.516016 0.28125 0.06875 0.0726563 0.777344
1 0.516406 0.281641 0.0671875 0.071875 0.607422
0 0.516406 0.281641 0.0679688 0.0710938 0.623535
0 0.516406 0.281641 0.0679688 0.0726563 0.839844
0 0.516406 0.281641 0.0671875 0.071875 0.800781
0 0.516406 0.281641 0.0671875 0.071875 0.630859
0 0.516016 0.281641 0.0679688 0.0726563 0.618652
0 0.516406 0.28125 0.0671875 0.0726563 0.762695
0 0.516016 0.28125 0.0671875 0.0726563 0.753418
0 0.516406 0.280859 0.06875 0.0726563 0.611328
1 0.515625 0.28125 0.06875 0.0726563 0.626953
1 0.515625 0.281641 0.0671875 0.0726563 0.722656
1 0.515625 0.281641 0.0671875 0.0726563 0.633301
1 0.515625 0.281641 0.0671875 0.0726563 0.559082
1 0.515625 0.281641 0.0671875 0.0726563 0.510742
1 0.515625 0.281641 0.0671875 0.0726563 0.642578
1 0.515625 0.281641 0.0671875 0.0726563 0.669922
0 0.516016 0.280859 0.065625 0.0722656 0.792969
