0 0.697266 0.340625 0.246094 0.204688 0.757812
1 0.697266 0.340625 0.246094 0.204688 0.74707
1 0.700781 0.339648 0.232812 0.201953 0.666504
0 0.700781 0.339648 0.232812 0.201953 0.642578
0 0.697656 0.350586 0.220312 0.197266 0.67334
1 0.697656 0.350586 0.220312 0.197266 0.57373
0 0.701563 0.3375 0.229688 0.209375 0.510742
0 0.699219 0.346875 0.223437 0.2 0.53125
1 0.699219 0.346875 0.223437 0.2 0.522461
1 0.690625 0.348828 0.23125 0.183594 0.614258
0 0.690625 0.348828 0.23125 0.183594 0.567871
0 0.699219 0.343555 0.239062 0.212109 0.637207
0 0.691797 0.340625 0.219531 0.219531 0.543945
0 0.69375 0.338477 0.228125 0.212109 0.703125
0 0.692969 0.338281 0.226562 0.208594 0.758301
0 0.697266 0.339063 0.213281 0.204687 0.680664
0 0.695312 0.341016 0.234375 0.203906 0.658203
1 0.696094 0.35 0.226562 0.188281 0.641602
0 0.695703 0.351172 0.225781 0.185156 0.512695
0 0.694531 0.348047 0.215625 0.198437 0.599121
0 0.694531 0.344922 0.214062 0.196094 0.558105
1 0.696094 0.343359 0.21875 0.200781 0.555664
1 0.695703 0.348047 0.221094 0.203125 0.643555
0 0.696094 0.344336 0.220313 0.200391 0.512695
1 0.696875 0.348438 0.223437 0.2 0.541992
1 0.699219 0.342187 0.223437 0.209375 0.604004
0 0.697656 0.341797 0.223437 0.209375 0.582031
1 0.697656 0.343555 0.223437 0.209766 0.728516
0 0.695703 0.345117 0.219531 0.212109 0.604004
1 0.688281 0.341016 0.204688 0.199219 0.791016
1 0.688281 0.344922 0.20625 0.195313 0.823242
1 0.697656 0.342773 0.228125 0.198047 0.647949
1 0.696094 0.344141 0.225 0.201563 0.57666
0 0.695312 0.343359 0.221875 0.201563 0.524414
1 0.692969 0.342969 0.21875 0.210156 0.509766
0 0.698438 0.349023 0.221875 0.187109 0.637695
1 0.692188 0.34707 0.232812 0.198047 0.500977
1 0.694531 0.345898 0.228125 0.196484 0.570801
1 0.690625 0.343359 0.228125 0.207031 0.599121
1 0.693359 0.345508 0.225781 0.208984 0.665527
0 0.695312 0.344922 0.217188 0.2 0.788574
1 0.697656 0.351172 0.223437 0.195312 0.52832
0 0.698438 0.351953 0.225 0.185156 0.625977
1 0.698828 0.350391 0.224219 0.201562 0.562988
0 0.700781 0.339844 0.229688 0.215625 0.518555
0 0.703906 0.34375 0.232812 0.203906 0.632324
0 0.7 0.342383 0.228125 0.203516 0.562988
1 0.701953 0.340625 0.224219 0.203906 0.635254
1 0.702734 0.338672 0.225781 0.2125 0.616699
1 0.698438 0.349023 0.223438 0.206641 0.582031
0 0.700391 0.344531 0.217969 0.201562 0.676758
1 0.698438 0.342578 0.21875 0.210156 0.613281
0 0.693359 0.342969 0.207031 0.208594 0.72168
1 0.687891 0.347461 0.210156 0.206641 0.641602
0 0.690234 0.342578 0.207031 0.207813 0.52832
0 0.6875 0.342578 0.2 0.205469 0.585938
1 0.692578 0.343164 0.210156 0.208984 0.608398
0 0.7 0.340625 0.220313 0.210156 0.508789
1 0.695312 0.339844 0.214063 0.210156 0.625977
0 0.695312 0.343945 0.215625 0.208984 0.603027
1 0.69375 0.342773 0.2125 0.214453 0.744629
1 0.694531 0.34375 0.214062 0.215625 0.681641
1 0.693359 0.343555 0.216406 0.210547 0.806152
1 0.690625 0.344141 0.207813 0.207031 0.771973
1 0.684766 0.344531 0.199219 0.207031 0.78418
1 0.685938 0.344141 0.2 0.207813 0.749023
1 0.698047 0.345313 0.203906 0.207813 0.619629
1 0.696094 0.34375 0.2125 0.210938 0.765625
1 0.692969 0.34375 0.220313 0.205469 0.689941
1 0.691016 0.343359 0.224219 0.207031 0.620605
1 0.694922 0.344141 0.219531 0.207031 0.6875
1 0.696094 0.345313 0.221875 0.204687 0.802734
1 0.692188 0.343359 0.214063 0.207031 0.669922
1 0.691797 0.342383 0.211719 0.210547 0.785156
0 0.694531 0.339453 0.21875 0.217188 0.722656
1 0.696484 0.341797 0.216406 0.208594 0.622559
0 0.696484 0.341992 0.219531 0.212109 0.57959
0 0.696094 0.341992 0.21875 0.216016 0.665527
1 0.697656 0.342773 0.220312 0.211328 0.704102
1 0.696484 0.344141 0.225781 0.211719 0.890625
1 0.695312 0.342578 0.226562 0.207031 0.814453
1 0.695312 0.342578 0.223437 0.202344 0.764648
1 0.695703 0.341797 0.228906 0.203125 0.830566
1 0.697656 0.34375 0.226562 0.208594 0.775391
1 0.695312 0.34043 0.215625 0.211328 0.532227
1 0.694531 0.342578 0.215625 0.210156 0.656738
1 0.695312 0.341797 0.217188 0.207812 0.611328
1 0.697266 0.343359 0.219531 0.210156 0.867676
1 0.697656 0.343945 0.220312 0.214453 0.818359
1 0.699219 0.343555 0.225 0.212891 0.770508
1 0.692578 0.341602 0.221094 0.212109 0.704102
1 0.69375 0.341016 0.225 0.208594 0.700684
0 0.695703 0.341406 0.219531 0.208594 0.57666
1 0.696094 0.345117 0.21875 0.208203 0.699219
1 0.697656 0.344141 0.217188 0.207031 0.751953
1 0.69375 0.342773 0.217188 0.206641 0.555664
0 0.696875 0.344531 0.21875 0.207813 0.539062
1 0.695703 0.344141 0.214844 0.208594 0.744141
1 0.698047 0.342578 0.219531 0.207813 0.826172
1 0.702344 0.343164 0.217188 0.219141 0.608398
1 0.700781 0.34375 0.214063 0.216406 0.65332
1 0.69375 0.341797 0.2125 0.208594 0.891113
1 0.692969 0.341992 0.210938 0.209766 0.89502
1 0.692969 0.342969 0.2125 0.209375 0.909668
1 0.694531 0.342969 0.214062 0.209375 0.913086
1 0.690234 0.343164 0.208594 0.208203 0.884277
1 0.692188 0.339844 0.215625 0.215625 0.865234
1 0.685938 0.341797 0.207812 0.207031 0.57373
0 0.689453 0.341602 0.216406 0.205859 0.67041
1 0.693359 0.341016 0.216406 0.208594 0.813965
1 0.695312 0.342187 0.2125 0.207031 0.901367
1 0.693359 0.343359 0.213281 0.205469 0.894043
1 0.692188 0.34375 0.215625 0.204688 0.70166
0 0.692969 0.339063 0.21875 0.207031 0.515625
1 0.691406 0.342383 0.210938 0.206641 0.550781
0 0.692188 0.339258 0.214063 0.207422 0.505859
1 0.691406 0.341016 0.207812 0.209375 0.581543
1 0.69375 0.342578 0.2125 0.210156 0.820801
1 0.694922 0.341211 0.211719 0.212891 0.717773
1 0.694922 0.341406 0.210156 0.210938 0.830078
1 0.693359 0.340234 0.210156 0.210156 0.908691
1 0.692969 0.337305 0.210938 0.211328 0.88623
0 0.692969 0.338477 0.210938 0.212109 0.581543
1 0.69375 0.338281 0.2125 0.210937 0.516602
0 0.694922 0.3375 0.216406 0.217188 0.725098
1 0.696875 0.340625 0.217187 0.216406 0.874023
1 0.695703 0.340234 0.219531 0.217969 0.794922
0 0.695703 0.339648 0.221094 0.212109 0.694336
0 0.696094 0.339844 0.21875 0.211719 0.696777
1 0.695312 0.34082 0.220312 0.210547 0.827637
1 0.69375 0.341406 0.2125 0.213281 0.643555
0 0.694141 0.338281 0.217969 0.215625 0.623535
0 0.69375 0.341016 0.217188 0.211719 0.585938
1 0.692969 0.342383 0.214063 0.210547 0.557129
1 0.693359 0.342578 0.214844 0.209375 0.563965
0 0.696094 0.342188 0.221875 0.207813 0.574707
1 0.693359 0.34375 0.214844 0.208594 0.533203
0 0.698047 0.342188 0.224219 0.208594 0.666992
0 0.696484 0.341016 0.219531 0.207813 0.756836
0 0.696484 0.34082 0.221094 0.211328 0.750488
0 0.695703 0.340625 0.219531 0.210156 0.692871
1 0.695312 0.34082 0.220312 0.208984 0.782227
1 0.694531 0.341602 0.220312 0.208984 0.868164
1 0.69375 0.342578 0.21875 0.209375 0.806641
0 0.692969 0.340625 0.21875 0.210156 0.571777
0 0.695312 0.342578 0.21875 0.209375 0.712891
0 0.692578 0.341211 0.217969 0.209766 0.580566
1 0.692188 0.342969 0.215625 0.209375 0.721191
1 0.692578 0.344141 0.214844 0.208594 0.772461
0 0.694141 0.341992 0.217969 0.209766 0.697754
1 0.696094 0.343359 0.21875 0.2125 0.564941
1 0.696875 0.343164 0.221875 0.212109 0.766113
1 0.696484 0.341992 0.221094 0.209766 0.800781
1 0.696094 0.342187 0.21875 0.210156 0.779297
0 0.696484 0.343359 0.219531 0.211719 0.538086
1 0.695703 0.340039 0.219531 0.209766 0.569824
1 0.695312 0.342969 0.21875 0.210938 0.733887
1 0.695312 0.342969 0.217188 0.210938 0.838867
1 0.694531 0.342578 0.217188 0.210156 0.854004
1 0.694141 0.342188 0.217969 0.208594 0.855957
1 0.694922 0.342188 0.219531 0.208594 0.864258
1 0.694922 0.341992 0.219531 0.209766 0.874023
1 0.695312 0.342187 0.220312 0.209375 0.878906
1 0.694922 0.341992 0.219531 0.208984 0.879883
1 0.694922 0.341992 0.219531 0.209766 0.863281
1 0.695312 0.341602 0.21875 0.210547 0.852051
1 0.695312 0.341406 0.21875 0.210156 0.820801
1 0.694531 0.341797 0.21875 0.209375 0.794434
1 0.694531 0.341992 0.220312 0.209766 0.766113
1 0.694141 0.342188 0.219531 0.208594 0.728027
1 0.694531 0.342383 0.21875 0.208984 0.690918
1 0.694922 0.342578 0.219531 0.209375 0.753418
1 0.694531 0.342578 0.21875 0.209375 0.772461
1 0.694531 0.342383 0.21875 0.209766 0.79834
1 0.694531 0.342187 0.21875 0.209375 0.820801
1 0.694922 0.342578 0.217969 0.209375 0.835449
0 0.696094 0.339844 0.21875 0.211719 0.697754
